Freq.,V(e1)/I(V1)
1000.0,"(1.27591482000757e+02dB,9.01136462990673e+01°)"
1001.52131519647,"(1.27578278094133e+02dB,9.01134740428901e+01°)"
1003.04494479286,"(1.27565074111134e+02dB,9.01133016052811e+01°)"
1004.57089231011,"(1.27551870151177e+02dB,9.01131298996371e+01°)"
1006.09916127451,"(1.27538666235738e+02dB,9.01129580656144e+01°)"
1007.62975521771,"(1.27525462285930e+02dB,9.01127864494086e+01°)"
1009.16267767673,"(1.27512258320705e+02dB,9.01126153246235e+01°)"
1010.69793219398,"(1.27499054355140e+02dB,9.01124443633637e+01°)"
1012.23552231727,"(1.27485850382437e+02dB,9.01122736301327e+01°)"
1013.77545159977,"(1.27472646472108e+02dB,9.01121033300416e+01°)"
1015.31772360009,"(1.27459442469481e+02dB,9.01119331493346e+01°)"
1016.86234188225,"(1.27446238555821e+02dB,9.01117631351178e+01°)"
1018.40931001567,"(1.27433034563761e+02dB,9.01115935495311e+01°)"
1019.95863157521,"(1.27419830596675e+02dB,9.01114242714363e+01°)"
1021.5103101412,"(1.27406626647279e+02dB,9.01112549999941e+01°)"
1023.06434929936,"(1.27393422727556e+02dB,9.01110864691497e+01°)"
1024.62075264091,"(1.27380218765701e+02dB,9.01109176688000e+01°)"
1026.17952376252,"(1.27367014786224e+02dB,9.01107492421597e+01°)"
1027.74066626632,"(1.27353810832036e+02dB,9.01105812091369e+01°)"
1029.30418375994,"(1.27340606861888e+02dB,9.01104132931571e+01°)"
1030.87007985648,"(1.27327402925016e+02dB,9.01102456733745e+01°)"
1032.43835817454,"(1.27314198933018e+02dB,9.01100783480774e+01°)"
1034.00902233825,"(1.27300995004570e+02dB,9.01099111850774e+01°)"
1035.58207597721,"(1.27287791023443e+02dB,9.01097444428205e+01°)"
1037.15752272658,"(1.27274587082889e+02dB,9.01095780104877e+01°)"
1038.73536622704,"(1.27261383099751e+02dB,9.01094116171541e+01°)"
1040.31561012478,"(1.27248179164519e+02dB,9.01092455919575e+01°)"
1041.89825807159,"(1.27234975203074e+02dB,9.01090797549465e+01°)"
1043.48331372476,"(1.27221771211924e+02dB,9.01089141051324e+01°)"
1045.07078074719,"(1.27208567276430e+02dB,9.01087490235771e+01°)"
1046.66066280732,"(1.27195363297409e+02dB,9.01085840386212e+01°)"
1048.25296357919,"(1.27182159342506e+02dB,9.01084190567142e+01°)"
1049.84768674243,"(1.27168955379670e+02dB,9.01082545511118e+01°)"
1051.44483598224,"(1.27155751418361e+02dB,9.01080901021343e+01°)"
1053.04441498947,"(1.27142547461407e+02dB,9.01079260883500e+01°)"
1054.64642746054,"(1.27129343480301e+02dB,9.01077622686001e+01°)"
1056.25087709754,"(1.27116139539304e+02dB,9.01075987392446e+01°)"
1057.85776760815,"(1.27102935536883e+02dB,9.01074353798510e+01°)"
1059.46710270571,"(1.27089731608401e+02dB,9.01072723959759e+01°)"
1061.07888610921,"(1.27076527639873e+02dB,9.01071094929567e+01°)"
1062.6931215433,"(1.27063323676659e+02dB,9.01069469217597e+01°)"
1064.30981273828,"(1.27050119649218e+02dB,9.01067846127734e+01°)"
1065.92896343014,"(1.27036915721868e+02dB,9.01066225806901e+01°)"
1067.55057736056,"(1.27023711749560e+02dB,9.01064607750356e+01°)"
1069.1746582769,"(1.27010507803782e+02dB,9.01062993071763e+01°)"
1070.80120993221,"(1.26997303808080e+02dB,9.01061378996317e+01°)"
1072.43023608527,"(1.26984099828615e+02dB,9.01059764833422e+01°)"
1074.06174050058,"(1.26970895901476e+02dB,9.01058157906968e+01°)"
1075.69572694835,"(1.26957691914565e+02dB,9.01056551407833e+01°)"
1077.33219920452,"(1.26944487959256e+02dB,9.01054947446510e+01°)"
1078.97116105082,"(1.26931283956449e+02dB,9.01053347256326e+01°)"
1080.61261627467,"(1.26918080010896e+02dB,9.01051747478635e+01°)"
1082.2565686693,"(1.26904876024145e+02dB,9.01050151885736e+01°)"
1083.90302203369,"(1.26891672075976e+02dB,9.01048557297161e+01°)"
1085.55198017261,"(1.26878468061123e+02dB,9.01046965744777e+01°)"
1087.2034468966,"(1.26865264095672e+02dB,9.01045376338945e+01°)"
1088.85742602201,"(1.26852060148453e+02dB,9.01043789932790e+01°)"
1090.513921371,"(1.26838856176120e+02dB,9.01042205360814e+01°)"
1092.17293677154,"(1.26825652187457e+02dB,9.01040623954556e+01°)"
1093.83447605742,"(1.26812448203905e+02dB,9.01039043507468e+01°)"
1095.49854306826,"(1.26799244251288e+02dB,9.01037466247863e+01°)"
1097.16514164954,"(1.26786040288083e+02dB,9.01035893393941e+01°)"
1098.83427565256,"(1.26772836324273e+02dB,9.01034321774967e+01°)"
1100.50594893451,"(1.26759632320806e+02dB,9.01032750976172e+01°)"
1102.18016535843,"(1.26746428330551e+02dB,9.01031183868048e+01°)"
1103.85692879323,"(1.26733224359296e+02dB,9.01029618575527e+01°)"
1105.53624311372,"(1.26720020375179e+02dB,9.01028054766406e+01°)"
1107.21811220062,"(1.26706816447287e+02dB,9.01026497743627e+01°)"
1108.90253994051,"(1.26693612437137e+02dB,9.01024937196674e+01°)"
1110.58953022592,"(1.26680408457404e+02dB,9.01023384008988e+01°)"
1112.27908695529,"(1.26667204469355e+02dB,9.01021829734762e+01°)"
1113.97121403298,"(1.26654000500091e+02dB,9.01020279381742e+01°)"
1115.66591536932,"(1.26640796527163e+02dB,9.01018730668485e+01°)"
1117.36319488055,"(1.26627592556340e+02dB,9.01017184928166e+01°)"
1119.06305648889,"(1.26614388559328e+02dB,9.01015640917090e+01°)"
1120.76550412253,"(1.26601184580632e+02dB,9.01014098033627e+01°)"
1122.47054171563,"(1.26587980614392e+02dB,9.01012559138117e+01°)"
1124.17817320832,"(1.26574776618288e+02dB,9.01011023885424e+01°)"
1125.88840254676,"(1.26561572621058e+02dB,9.01009489008051e+01°)"
1127.60123368308,"(1.26548368666279e+02dB,9.01007957266645e+01°)"
1129.31667057543,"(1.26535164643096e+02dB,9.01006426681453e+01°)"
1131.034717188,"(1.26521960695076e+02dB,9.01004900640254e+01°)"
1132.75537749099,"(1.26508756725130e+02dB,9.01003375411675e+01°)"
1134.47865546064,"(1.26495552758928e+02dB,9.01001851796514e+01°)"
1136.20455507926,"(1.26482348738685e+02dB,9.01000331312935e+01°)"
1137.9330803352,"(1.26469144763877e+02dB,9.00998813257314e+01°)"
1139.66423522287,"(1.26455940773655e+02dB,9.00997299123767e+01°)"
1141.39802374279,"(1.26442736784163e+02dB,9.00995784771087e+01°)"
1143.13444990152,"(1.26429532828908e+02dB,9.00994274363472e+01°)"
1144.87351771176,"(1.26416328829586e+02dB,9.00992764240438e+01°)"
1146.61523119229,"(1.26403124821445e+02dB,9.00991258141145e+01°)"
1148.359594368,"(1.26389920858745e+02dB,9.00989754721943e+01°)"
1150.10661126992,"(1.26376716879559e+02dB,9.00988253375489e+01°)"
1151.8562859352,"(1.26363512836585e+02dB,9.00986752426416e+01°)"
1153.60862240713,"(1.26350308922913e+02dB,9.00985254653873e+01°)"
1155.36362473518,"(1.26337104866405e+02dB,9.00983759291408e+01°)"
1157.12129697493,"(1.26323900877207e+02dB,9.00982267875800e+01°)"
1158.88164318817,"(1.26310696928193e+02dB,9.00980776190922e+01°)"
1160.64466744286,"(1.26297492941383e+02dB,9.00979288404950e+01°)"
1162.41037381313,"(1.26284288942857e+02dB,9.00977801250010e+01°)"
1164.17876637935,"(1.26271084936204e+02dB,9.00976317869221e+01°)"
1165.94984922804,"(1.26257880950474e+02dB,9.00974837186879e+01°)"
1167.72362645199,"(1.26244676989280e+02dB,9.00973356150808e+01°)"
1169.50010215018,"(1.26231472981879e+02dB,9.00971879728980e+01°)"
1171.27928042785,"(1.26218268988118e+02dB,9.00970404701059e+01°)"
1173.06116539647,"(1.26205065018321e+02dB,9.00968933541318e+01°)"
1174.84576117377,"(1.26191861015264e+02dB,9.00967462136069e+01°)"
1176.63307188375,"(1.26178657025078e+02dB,9.00965994051451e+01°)"
1178.42310165667,"(1.26165452996473e+02dB,9.00964528375142e+01°)"
1180.21585462909,"(1.26152249017711e+02dB,9.00963064902434e+01°)"
1182.01133494384,"(1.26139045017144e+02dB,9.00961604082289e+01°)"
1183.80954675009,"(1.26125841030787e+02dB,9.00960143647011e+01°)"
1185.61049420328,"(1.26112637035956e+02dB,9.00958686273204e+01°)"
1187.4141814652,"(1.26099433012418e+02dB,9.00957231676062e+01°)"
1189.22061270396,"(1.26086229060638e+02dB,9.00955780765216e+01°)"
1191.02979209402,"(1.26073025068083e+02dB,9.00954328705768e+01°)"
1192.84172381617,"(1.26059821058646e+02dB,9.00952881573013e+01°)"
1194.65641205759,"(1.26046617054850e+02dB,9.00951435179217e+01°)"
1196.47386101181,"(1.26033413072780e+02dB,9.00949992932766e+01°)"
1198.29407487874,"(1.26020209071044e+02dB,9.00948550946058e+01°)"
1200.11705786469,"(1.26007005066734e+02dB,9.00947111457979e+01°)"
1201.94281418236,"(1.25993801072708e+02dB,9.00945673095385e+01°)"
1203.77134805085,"(1.25980597088616e+02dB,9.00944240501531e+01°)"
1205.60266369571,"(1.25967393049330e+02dB,9.00942805380365e+01°)"
1207.43676534889,"(1.25954189082153e+02dB,9.00941375904860e+01°)"
1209.27365724879,"(1.25940985068890e+02dB,9.00939947911865e+01°)"
1211.11334364025,"(1.25927781020982e+02dB,9.00938518536182e+01°)"
1212.95582877457,"(1.25914577046329e+02dB,9.00937095992344e+01°)"
1214.80111690953,"(1.25901373058792e+02dB,9.00935673570872e+01°)"
1216.64921230936,"(1.25888169058833e+02dB,9.00934253865732e+01°)"
1218.50011924482,"(1.25874965039927e+02dB,9.00932837728021e+01°)"
1220.35384199312,"(1.25861761052515e+02dB,9.00931421973554e+01°)"
1222.21038483801,"(1.25848557052725e+02dB,9.00930008676061e+01°)"
1224.06975206974,"(1.25835353070453e+02dB,9.00928597232661e+01°)"
1225.9319479851,"(1.25822149049652e+02dB,9.00927188338518e+01°)"
1227.7969768874,"(1.25808945035896e+02dB,9.00925780666663e+01°)"
1229.66484308651,"(1.25795741026676e+02dB,9.00924376307289e+01°)"
1231.53555089886,"(1.25782537038053e+02dB,9.00922973683235e+01°)"
1233.40910464743,"(1.25769333032941e+02dB,9.00921574285720e+01°)"
1235.28550866179,"(1.25756129032301e+02dB,9.00920176138154e+01°)"
1237.16476727809,"(1.25742925004054e+02dB,9.00918779322030e+01°)"
1239.04688483908,"(1.25729721002021e+02dB,9.00917385878301e+01°)"
1240.93186569412,"(1.25716517031836e+02dB,9.00915993801745e+01°)"
1242.81971419918,"(1.25703313023495e+02dB,9.00914603515807e+01°)"
1244.71043471686,"(1.25690109010506e+02dB,9.00913216022951e+01°)"
1246.60403161639,"(1.25676904993953e+02dB,9.00911829377773e+01°)"
1248.50050927366,"(1.25663700955727e+02dB,9.00910446416523e+01°)"
1250.39987207122,"(1.25650496952846e+02dB,9.00909065052110e+01°)"
1252.30212439826,"(1.25637292948957e+02dB,9.00907684858562e+01°)"
1254.20727065067,"(1.25624088939685e+02dB,9.00906308045015e+01°)"
1256.11531523103,"(1.25610884940079e+02dB,9.00904933150977e+01°)"
1258.0262625486,"(1.25597680926464e+02dB,9.00903559890816e+01°)"
1259.94011701937,"(1.25584476922147e+02dB,9.00902189261371e+01°)"
1261.85688306603,"(1.25571272890185e+02dB,9.00900820548932e+01°)"
1263.776565118,"(1.25558068905838e+02dB,9.00899453589617e+01°)"
1265.69916761145,"(1.25544864874127e+02dB,9.00898090089014e+01°)"
1267.62469498929,"(1.25531660835968e+02dB,9.00896726444336e+01°)"
1269.5531517012,"(1.25518456818531e+02dB,9.00895365910621e+01°)"
1271.4845422036,"(1.25505252850937e+02dB,9.00894008427763e+01°)"
1273.41887095973,"(1.25492048790654e+02dB,9.00892651281764e+01°)"
1275.35614243958,"(1.25478844798839e+02dB,9.00891296392471e+01°)"
1277.29636111998,"(1.25465640788487e+02dB,9.00889944063698e+01°)"
1279.23953148454,"(1.25452436779338e+02dB,9.00888593873336e+01°)"
1281.18565802371,"(1.25439232733189e+02dB,9.00887246116107e+01°)"
1283.13474523476,"(1.25426028730228e+02dB,9.00885899770239e+01°)"
1285.08679762179,"(1.25412824695284e+02dB,9.00884555264725e+01°)"
1287.04181969579,"(1.25399620687620e+02dB,9.00883215212390e+01°)"
1288.99981597458,"(1.25386416687630e+02dB,9.00881873755050e+01°)"
1290.96079098287,"(1.25373212670401e+02dB,9.00880535089213e+01°)"
1292.92474925223,"(1.25360008632322e+02dB,9.00879199881393e+01°)"
1294.89169532115,"(1.25346804629394e+02dB,9.00877866311445e+01°)"
1296.86163373502,"(1.25333600628676e+02dB,9.00876534122595e+01°)"
1298.83456904614,"(1.25320396584056e+02dB,9.00875204446484e+01°)"
1300.81050581372,"(1.25307192569131e+02dB,9.00873877569872e+01°)"
1302.78944860394,"(1.25293988530730e+02dB,9.00872551594962e+01°)"
1304.77140198989,"(1.25280784531271e+02dB,9.00871226309601e+01°)"
1306.75637055165,"(1.25267580482909e+02dB,9.00869905603789e+01°)"
1308.74435887625,"(1.25254376473926e+02dB,9.00868585022316e+01°)"
1310.7353715577,"(1.25241172459743e+02dB,9.00867267177608e+01°)"
1312.72941319699,"(1.25227968442945e+02dB,9.00865951151012e+01°)"
1314.72648840214,"(1.25214764400457e+02dB,9.00864638547815e+01°)"
1316.72660178814,"(1.25201560371330e+02dB,9.00863325379892e+01°)"
1318.72975797703,"(1.25188356369913e+02dB,9.00862016851842e+01°)"
1320.73596159787,"(1.25175152321112e+02dB,9.00860709425802e+01°)"
1322.74521728677,"(1.25161948285535e+02dB,9.00859404182190e+01°)"
1324.75752968688,"(1.25148744253347e+02dB,9.00858099169628e+01°)"
1326.77290344843,"(1.25135540266970e+02dB,9.00856798312948e+01°)"
1328.7913432287,"(1.25122336204764e+02dB,9.00855497359294e+01°)"
1330.81285369209,"(1.25109132191424e+02dB,9.00854199311513e+01°)"
1332.83743951006,"(1.25095928162790e+02dB,9.00852904541662e+01°)"
1334.8651053612,"(1.25082724172590e+02dB,9.00851611329589e+01°)"
1336.89585593122,"(1.25069520110034e+02dB,9.00850318311148e+01°)"
1338.92969591294,"(1.25056316055741e+02dB,9.00849028085083e+01°)"
1340.96663000633,"(1.25043112049688e+02dB,9.00847741239593e+01°)"
1343.00666291851,"(1.25029908007352e+02dB,9.00846454260834e+01°)"
1345.04979936377,"(1.25016703981121e+02dB,9.00845170268610e+01°)"
1347.09604406354,"(1.25003499941411e+02dB,9.00843887199489e+01°)"
1349.14540174647,"(1.24990295896492e+02dB,9.00842608977586e+01°)"
1351.19787714839,"(1.24977091919673e+02dB,9.00841330314278e+01°)"
1353.25347501233,"(1.24963887858010e+02dB,9.00840053860753e+01°)"
1355.31220008854,"(1.24950683809845e+02dB,9.00838779606025e+01°)"
1357.37405713449,"(1.24937479789972e+02dB,9.00837507223171e+01°)"
1359.43905091489,"(1.24924275751165e+02dB,9.00836236160197e+01°)"
1361.50718620172,"(1.24911071744769e+02dB,9.00834967944239e+01°)"
1363.57846777418,"(1.24897867686103e+02dB,9.00833700937459e+01°)"
1365.65290041878,"(1.24884663636944e+02dB,9.00832435579622e+01°)"
1367.73048892929,"(1.24871459631715e+02dB,9.00831173945046e+01°)"
1369.81123810676,"(1.24858255581438e+02dB,9.00829912471874e+01°)"
1371.89515275958,"(1.24845051540019e+02dB,9.00828654310139e+01°)"
1373.98223770343,"(1.24831847502492e+02dB,9.00827396470200e+01°)"
1376.07249776133,"(1.24818643444347e+02dB,9.00826141523570e+01°)"
1378.16593776361,"(1.24805439432163e+02dB,9.00824888865646e+01°)"
1380.26256254798,"(1.24792235396785e+02dB,9.00823637617317e+01°)"
1382.3623769595,"(1.24779031343177e+02dB,9.00822388417705e+01°)"
1384.46538585059,"(1.24765827289213e+02dB,9.00821140619889e+01°)"
1386.57159408106,"(1.24752623274675e+02dB,9.00819894644496e+01°)"
1388.68100651812,"(1.24739419242372e+02dB,9.00818651371007e+01°)"
1390.79362803638,"(1.24726215163265e+02dB,9.00817409455771e+01°)"
1392.90946351786,"(1.24713011160640e+02dB,9.00816170263852e+01°)"
1395.02851785201,"(1.24699807109396e+02dB,9.00814930376550e+01°)"
1397.15079593572,"(1.24686603057930e+02dB,9.00813694364607e+01°)"
1399.27630267333,"(1.24673399008544e+02dB,9.00812461014607e+01°)"
1401.40504297665,"(1.24660194971992e+02dB,9.00811229568849e+01°)"
1403.53702176493,"(1.24646990922372e+02dB,9.00809998529188e+01°)"
1405.67224396494,"(1.24633786866872e+02dB,9.00808769842644e+01°)"
1407.81071451094,"(1.24620582844323e+02dB,9.00807543925178e+01°)"
1409.95243834467,"(1.24607378791201e+02dB,9.00806317755044e+01°)"
1412.09742041542,"(1.24594174755457e+02dB,9.00805095192450e+01°)"
1414.24566567998,"(1.24580970716239e+02dB,9.00803873908787e+01°)"
1416.39717910272,"(1.24567766653961e+02dB,9.00802654694917e+01°)"
1418.55196565552,"(1.24554562600749e+02dB,9.00801437255158e+01°)"
1420.71003031785,"(1.24541358552703e+02dB,9.00800220771202e+01°)"
1422.87137807674,"(1.24528154502542e+02dB,9.00799007125780e+01°)"
1425.03601392682,"(1.24514950439879e+02dB,9.00797795793953e+01°)"
1427.20394287032,"(1.24501746418145e+02dB,9.00796585698177e+01°)"
1429.37516991706,"(1.24488542372284e+02dB,9.00795377865054e+01°)"
1431.54970008451,"(1.24475338314410e+02dB,9.00794171618685e+01°)"
1433.72753839774,"(1.24462134242498e+02dB,9.00792967105603e+01°)"
1435.9086898895,"(1.24448930204708e+02dB,9.00791764167122e+01°)"
1438.09315960016,"(1.24435726168674e+02dB,9.00790563219435e+01°)"
1440.2809525778,"(1.24422522102164e+02dB,9.00789363236482e+01°)"
1442.47207387813,"(1.24409318028728e+02dB,9.00788166724784e+01°)"
1444.6665285646,"(1.24396113987430e+02dB,9.00786970155862e+01°)"
1446.86432170833,"(1.24382909920416e+02dB,9.00785777934001e+01°)"
1449.06545838817,"(1.24369705873137e+02dB,9.00784586532393e+01°)"
1451.26994369069,"(1.24356501819186e+02dB,9.00783395425008e+01°)"
1453.4777827102,"(1.24343297762427e+02dB,9.00782208625216e+01°)"
1455.68898054876,"(1.24330093715785e+02dB,9.00781022834870e+01°)"
1457.9035423162,"(1.24316889649804e+02dB,9.00779837018364e+01°)"
1460.1214731301,"(1.24303685580029e+02dB,9.00778654084793e+01°)"
1462.34277811586,"(1.24290481524106e+02dB,9.00777473286184e+01°)"
1464.56746240665,"(1.24277277482007e+02dB,9.00776293083639e+01°)"
1466.79553114346,"(1.24264073440014e+02dB,9.00775116527709e+01°)"
1469.0269894751,"(1.24250869364064e+02dB,9.00773941190900e+01°)"
1471.2618425582,"(1.24237665313951e+02dB,9.00772767353363e+01°)"
1473.50009555727,"(1.24224461226813e+02dB,9.00771595634542e+01°)"
1475.74175364463,"(1.24211257190488e+02dB,9.00770425226230e+01°)"
1477.98682200051,"(1.24198053098503e+02dB,9.00769256622071e+01°)"
1480.23530581299,"(1.24184849066930e+02dB,9.00768091229714e+01°)"
1482.48721027807,"(1.24171644999947e+02dB,9.00766925426795e+01°)"
1484.74254059963,"(1.24158440916833e+02dB,9.00765762219703e+01°)"
1487.00130198949,"(1.24145236878360e+02dB,9.00764601812175e+01°)"
1489.26349966737,"(1.24132032783638e+02dB,9.00763440596729e+01°)"
1491.52913886095,"(1.24118828755852e+02dB,9.00762283673499e+01°)"
1493.79822480587,"(1.24105624653770e+02dB,9.00761126208059e+01°)"
1496.07076274572,"(1.24092420581099e+02dB,9.00759972875005e+01°)"
1498.34675793208,"(1.24079216534223e+02dB,9.00758820715702e+01°)"
1500.62621562449,"(1.24066012458842e+02dB,9.00757669504500e+01°)"
1502.90914109054,"(1.24052808383345e+02dB,9.00756520299699e+01°)"
1505.19553960579,"(1.24039604337761e+02dB,9.00755373626171e+01°)"
1507.48541645384,"(1.24026400265294e+02dB,9.00754228048524e+01°)"
1509.77877692634,"(1.24013196179381e+02dB,9.00753084943911e+01°)"
1512.07562632298,"(1.23999992120560e+02dB,9.00751942293329e+01°)"
1514.37596995151,"(1.23986788081660e+02dB,9.00750801793072e+01°)"
1516.67981312776,"(1.23973583992034e+02dB,9.00749663576059e+01°)"
1518.98716117564,"(1.23960379912249e+02dB,9.00748526191081e+01°)"
1521.29801942718,"(1.23947175857778e+02dB,9.00747391859601e+01°)"
1523.61239322248,"(1.23933971771986e+02dB,9.00746258363814e+01°)"
1525.93028790982,"(1.23920767674436e+02dB,9.00745125643985e+01°)"
1528.25170884556,"(1.23907563618128e+02dB,9.00743996932006e+01°)"
1530.57666139425,"(1.23894359538384e+02dB,9.00742868384798e+01°)"
1532.90515092859,"(1.23881155460092e+02dB,9.00741741872513e+01°)"
1535.23718282943,"(1.23867951404604e+02dB,9.00740617296256e+01°)"
1537.57276248585,"(1.23854747307796e+02dB,9.00739493567487e+01°)"
1539.91189529509,"(1.23841543246764e+02dB,9.00738373222269e+01°)"
1542.25458666262,"(1.23828339169741e+02dB,9.00737252859970e+01°)"
1544.60084200213,"(1.23815135081163e+02dB,9.00736134975545e+01°)"
1546.95066673554,"(1.23801931000747e+02dB,9.00735019116847e+01°)"
1549.30406629303,"(1.23788726942563e+02dB,9.00733904487974e+01°)"
1551.66104611303,"(1.23775522859278e+02dB,9.00732792734663e+01°)"
1554.02161164224,"(1.23762318764673e+02dB,9.00731680649352e+01°)"
1556.38576833567,"(1.23749114696088e+02dB,9.00730571165924e+01°)"
1558.7535216566,"(1.23735910609528e+02dB,9.00729463091741e+01°)"
1561.12487707664,"(1.23722706520952e+02dB,9.00728357193795e+01°)"
1563.49984007572,"(1.23709502441109e+02dB,9.00727252905340e+01°)"
1565.8784161421,"(1.23696298372551e+02dB,9.00726149929285e+01°)"
1568.26061077239,"(1.23683094286539e+02dB,9.00725048270469e+01°)"
1570.64642947158,"(1.23669890197963e+02dB,9.00723948968775e+01°)"
1573.03587775301,"(1.23656686135512e+02dB,9.00722851912677e+01°)"
1575.42896113842,"(1.23643482024248e+02dB,9.00721756272440e+01°)"
1577.82568515795,"(1.23630277943780e+02dB,9.00720661155816e+01°)"
1580.22605535015,"(1.23617073846000e+02dB,9.00719568691839e+01°)"
1582.63007726201,"(1.23603869767741e+02dB,9.00718477442536e+01°)"
1585.03775644893,"(1.23590665694204e+02dB,9.00717388980227e+01°)"
1587.44909847479,"(1.23577461608695e+02dB,9.00716300579677e+01°)"
1589.86410891191,"(1.23564257505019e+02dB,9.00715213855638e+01°)"
1592.28279334112,"(1.23551053412138e+02dB,9.00714128895153e+01°)"
1594.7051573517,"(1.23537849315865e+02dB,9.00713046630511e+01°)"
1597.13120654146,"(1.23524645223966e+02dB,9.00711964257168e+01°)"
1599.56094651672,"(1.23511441134041e+02dB,9.00710886702661e+01°)"
1601.99438289233,"(1.23498237049156e+02dB,9.00709808113514e+01°)"
1604.43152129167,"(1.23485032943948e+02dB,9.00708732837281e+01°)"
1606.8723673467,"(1.23471828873214e+02dB,9.00707657445074e+01°)"
1609.31692669793,"(1.23458624788912e+02dB,9.00706584368432e+01°)"
1611.76520499444,"(1.23445420680997e+02dB,9.00705513851896e+01°)"
1614.21720789393,"(1.23432216572439e+02dB,9.00704443500064e+01°)"
1616.6729410627,"(1.23419012498696e+02dB,9.00703375614871e+01°)"
1619.13241017565,"(1.23405808379798e+02dB,9.00702309545856e+01°)"
1621.59562091634,"(1.23392604305019e+02dB,9.00701244472186e+01°)"
1624.06257897696,"(1.23379400208242e+02dB,9.00700181847388e+01°)"
1626.53329005837,"(1.23366196111789e+02dB,9.00699120483373e+01°)"
1629.0077598701,"(1.23352991981700e+02dB,9.00698060480628e+01°)"
1631.48599413035,"(1.23339787900486e+02dB,9.00697001192887e+01°)"
1633.96799856604,"(1.23326583805100e+02dB,9.00695944511426e+01°)"
1636.45377891279,"(1.23313379717025e+02dB,9.00694889725605e+01°)"
1638.94334091497,"(1.23300175594831e+02dB,9.00693836108038e+01°)"
1641.43669032565,"(1.23286971507765e+02dB,9.00692785552545e+01°)"
1643.93383290668,"(1.23273767392840e+02dB,9.00691734131913e+01°)"
1646.43477442866,"(1.23260563298290e+02dB,9.00690685969230e+01°)"
1648.93952067099,"(1.23247359195622e+02dB,9.00689639137115e+01°)"
1651.44807742184,"(1.23234155076184e+02dB,9.00688593269476e+01°)"
1653.96045047819,"(1.23220950982596e+02dB,9.00687548556867e+01°)"
1656.47664564586,"(1.23207746868481e+02dB,9.00686507245455e+01°)"
1658.99666873947,"(1.23194542767550e+02dB,9.00685465533626e+01°)"
1661.52052558251,"(1.23181338689825e+02dB,9.00684427035293e+01°)"
1664.04822200732,"(1.23168134553420e+02dB,9.00683389765840e+01°)"
1666.57976385511,"(1.23154930454469e+02dB,9.00682353102012e+01°)"
1669.11515697598,"(1.23141726351388e+02dB,9.00681318899978e+01°)"
1671.65440722894,"(1.23128522242934e+02dB,9.00680286288149e+01°)"
1674.1975204819,"(1.23115318119550e+02dB,9.00679255346273e+01°)"
1676.74450261169,"(1.23102113993206e+02dB,9.00678224724125e+01°)"
1679.2953595041,"(1.23088909890505e+02dB,9.00677196659799e+01°)"
1681.85009705387,"(1.23075705804146e+02dB,9.00676171129976e+01°)"
1684.4087211647,"(1.23062501678704e+02dB,9.00675144860433e+01°)"
1686.97123774926,"(1.23049297568526e+02dB,9.00674122019607e+01°)"
1689.53765272925,"(1.23036093455346e+02dB,9.00673100826648e+01°)"
1692.10797203535,"(1.23022889343376e+02dB,9.00672080401230e+01°)"
1694.68220160727,"(1.23009685229715e+02dB,9.00671060908513e+01°)"
1697.26034739375,"(1.22996481136056e+02dB,9.00670044303135e+01°)"
1699.8424153526,"(1.22983276992629e+02dB,9.00669028265079e+01°)"
1702.42841145067,"(1.22970072864462e+02dB,9.00668014410429e+01°)"
1705.01834166391,"(1.22956868754182e+02dB,9.00667001987839e+01°)"
1707.61221197733,"(1.22943664645178e+02dB,9.00665989708649e+01°)"
1710.21002838508,"(1.22930460529032e+02dB,9.00664980652251e+01°)"
1712.81179689041,"(1.22917256383653e+02dB,9.00663972940251e+01°)"
1715.41752350571,"(1.22904052266579e+02dB,9.00662967382757e+01°)"
1718.0272142525,"(1.22890848155910e+02dB,9.00661962137352e+01°)"
1720.64087516148,"(1.22877644046420e+02dB,9.00660958411351e+01°)"
1723.25851227253,"(1.22864439917486e+02dB,9.00659956311947e+01°)"
1725.88013163468,"(1.22851235792587e+02dB,9.00658956181074e+01°)"
1728.50573930622,"(1.22838031677423e+02dB,9.00657957119983e+01°)"
1731.1353413546,"(1.22824827543782e+02dB,9.00656960205467e+01°)"
1733.76894385654,"(1.22811623427596e+02dB,9.00655964259002e+01°)"
1736.40655289799,"(1.22798419288479e+02dB,9.00654970007523e+01°)"
1739.04817457416,"(1.22785215161159e+02dB,9.00653978063855e+01°)"
1741.69381498952,"(1.22772011048269e+02dB,9.00652986228889e+01°)"
1744.34348025786,"(1.22758806902302e+02dB,9.00651996525422e+01°)"
1746.99717650223,"(1.22745602780953e+02dB,9.00651008648054e+01°)"
1749.65490985502,"(1.22732398631634e+02dB,9.00650021934323e+01°)"
1752.31668645796,"(1.22719194514298e+02dB,9.00649036646204e+01°)"
1754.98251246209,"(1.22705990400827e+02dB,9.00648053171343e+01°)"
1757.65239402783,"(1.22692786275410e+02dB,9.00647071194987e+01°)"
1760.32633732496,"(1.22679582129002e+02dB,9.00646090402307e+01°)"
1763.00434853268,"(1.22666377999403e+02dB,9.00645111244340e+01°)"
1765.68643383953,"(1.22653173858605e+02dB,9.00644133227532e+01°)"
1768.37259944353,"(1.22639969733492e+02dB,9.00643156360367e+01°)"
1771.06285155207,"(1.22626765593001e+02dB,9.00642182085504e+01°)"
1773.75719638203,"(1.22613561457051e+02dB,9.00641208344115e+01°)"
1776.45564015973,"(1.22600357324730e+02dB,9.00640237525883e+01°)"
1779.15818912095,"(1.22587153180293e+02dB,9.00639266822582e+01°)"
1781.86484951098,"(1.22573949052107e+02dB,9.00638297782373e+01°)"
1784.57562758459,"(1.22560744928204e+02dB,9.00637330610719e+01°)"
1787.29052960607,"(1.22547540781480e+02dB,9.00636364580189e+01°)"
1790.00956184926,"(1.22534336649244e+02dB,9.00635400998927e+01°)"
1792.73273059752,"(1.22521132479850e+02dB,9.00634437215634e+01°)"
1795.46004214378,"(1.22507928349022e+02dB,9.00633476394229e+01°)"
1798.19150279054,"(1.22494724221606e+02dB,9.00632515708589e+01°)"
1800.92711884989,"(1.22481520059258e+02dB,9.00631557792850e+01°)"
1803.66689664352,"(1.22468315923447e+02dB,9.00630600428980e+01°)"
1806.41084250275,"(1.22455111778205e+02dB,9.00629644659777e+01°)"
1809.15896276851,"(1.22441907646298e+02dB,9.00628690269695e+01°)"
1811.91126379139,"(1.22428703499501e+02dB,9.00627738230341e+01°)"
1814.66775193164,"(1.22415499351731e+02dB,9.00626786071445e+01°)"
1817.42843355919,"(1.22402295196548e+02dB,9.00625837561708e+01°)"
1820.19331505365,"(1.22389091036425e+02dB,9.00624888678783e+01°)"
1822.96240280435,"(1.22375886908017e+02dB,9.00623941399678e+01°)"
1825.73570321032,"(1.22362682757076e+02dB,9.00622996208682e+01°)"
1828.51322268034,"(1.22349478611468e+02dB,9.00622052040122e+01°)"
1831.29496763295,"(1.22336274461436e+02dB,9.00621108964041e+01°)"
1834.08094449642,"(1.22323070307270e+02dB,9.00620168620416e+01°)"
1836.87115970883,"(1.22309866150835e+02dB,9.00619228551813e+01°)"
1839.66561971804,"(1.22296661984721e+02dB,9.00618290642598e+01°)"
1842.46433098173,"(1.22283457836242e+02dB,9.00617353428164e+01°)"
1845.2672999674,"(1.22270253684300e+02dB,9.00616418017065e+01°)"
1848.07453315238,"(1.22257049544113e+02dB,9.00615483951533e+01°)"
1850.88603702387,"(1.22243845359271e+02dB,9.00614551451297e+01°)"
1853.70181807892,"(1.22230641223962e+02dB,9.00613619718813e+01°)"
1856.52188282448,"(1.22217437073862e+02dB,9.00612690258346e+01°)"
1859.34623777739,"(1.22204232902386e+02dB,9.00611762572539e+01°)"
1862.17488946441,"(1.22191028738178e+02dB,9.00610835122758e+01°)"
1865.00784442223,"(1.22177824578940e+02dB,9.00609909239334e+01°)"
1867.84510919748,"(1.22164620416459e+02dB,9.00608985394192e+01°)"
1870.68669034674,"(1.22151416239992e+02dB,9.00608062764060e+01°)"
1873.53259443659,"(1.22138212080754e+02dB,9.00607140815038e+01°)"
1876.38282804358,"(1.22125007942334e+02dB,9.00606221131145e+01°)"
1879.23739775427,"(1.22111803778971e+02dB,9.00605303187201e+01°)"
1882.09631016524,"(1.22098599611038e+02dB,9.00604386079430e+01°)"
1884.95957188311,"(1.22085395436348e+02dB,9.00603470462772e+01°)"
1887.82718952454,"(1.22072191257828e+02dB,9.00602555433771e+01°)"
1890.69916971626,"(1.22058987106955e+02dB,9.00601642540342e+01°)"
1893.57551909509,"(1.22045782950230e+02dB,9.00600731023454e+01°)"
1896.45624430795,"(1.22032578758599e+02dB,9.00599821246071e+01°)"
1899.34135201185,"(1.22019374606446e+02dB,9.00598912738318e+01°)"
1902.23084887394,"(1.22006170420469e+02dB,9.00598005172703e+01°)"
1905.12474157152,"(1.21992966250557e+02dB,9.00597099113395e+01°)"
1908.02303679203,"(1.21979762077148e+02dB,9.00596193951318e+01°)"
1910.92574123311,"(1.21966557917418e+02dB,9.00595291910648e+01°)"
1913.83286160256,"(1.21953353741216e+02dB,9.00594389047972e+01°)"
1916.74440461841,"(1.21940149569261e+02dB,9.00593489000779e+01°)"
1919.6603770089,"(1.21926945398234e+02dB,9.00592590398854e+01°)"
1922.5807855125,"(1.21913741216947e+02dB,9.00591691633771e+01°)"
1925.50563687793,"(1.21900537033831e+02dB,9.00590795408933e+01°)"
1928.43493786419,"(1.21887332855417e+02dB,9.00589900809328e+01°)"
1931.36869524056,"(1.21874128672433e+02dB,9.00589007508264e+01°)"
1934.30691578661,"(1.21860924505948e+02dB,9.00588115509616e+01°)"
1937.24960629222,"(1.21847720318170e+02dB,9.00587223499234e+01°)"
1940.19677355762,"(1.21834516141988e+02dB,9.00586334714403e+01°)"
1943.14842439337,"(1.21821311967118e+02dB,9.00585446075332e+01°)"
1946.10456562038,"(1.21808107787878e+02dB,9.00584559538395e+01°)"
1949.06520406997,"(1.21794903607035e+02dB,9.00583674746083e+01°)"
1952.03034658383,"(1.21781699399343e+02dB,9.00582789465929e+01°)"
1955.00000001405,"(1.21768495227815e+02dB,9.00581906717869e+01°)"
1957.97417122316,"(1.21755291052501e+02dB,9.00581025893061e+01°)"
1960.95286708413,"(1.21742086864093e+02dB,9.00580145273595e+01°)"
1963.93609448037,"(1.21728882665469e+02dB,9.00579266607833e+01°)"
1966.92386030579,"(1.21715678480419e+02dB,9.00578388858046e+01°)"
1969.91617146477,"(1.21702474276874e+02dB,9.00577512656292e+01°)"
1972.91303487218,"(1.21689270103930e+02dB,9.00576638254147e+01°)"
1975.91445745344,"(1.21676065903055e+02dB,9.00575764634957e+01°)"
1978.92044614448,"(1.21662861710073e+02dB,9.00574892810272e+01°)"
1981.93100789179,"(1.21649657503933e+02dB,9.00574022057915e+01°)"
1984.94614965244,"(1.21636453342679e+02dB,9.00573152279702e+01°)"
1987.96587839408,"(1.21623249122958e+02dB,9.00572284091278e+01°)"
1990.99020109493,"(1.21610044919295e+02dB,9.00571417052229e+01°)"
1994.01912474387,"(1.21596840727084e+02dB,9.00570551726415e+01°)"
1997.05265634039,"(1.21583636532518e+02dB,9.00569687947412e+01°)"
2000.09080289462,"(1.21570432339591e+02dB,9.00568824939196e+01°)"
2003.13357142737,"(1.21557228140106e+02dB,9.00567963070990e+01°)"
2006.18096897014,"(1.21544023939842e+02dB,9.00567103456379e+01°)"
2009.23300256509,"(1.21530819741681e+02dB,9.00566244116519e+01°)"
2012.28967926513,"(1.21517615555274e+02dB,9.00565386513183e+01°)"
2015.35100613389,"(1.21504411346091e+02dB,9.00564530555576e+01°)"
2018.41699024573,"(1.21491207129033e+02dB,9.00563675649631e+01°)"
2021.4876386858,"(1.21478002923856e+02dB,9.00562821426016e+01°)"
2024.56295855,"(1.21464798743333e+02dB,9.00561969545690e+01°)"
2027.64295694504,"(1.21451594522763e+02dB,9.00561118240523e+01°)"
2030.72764098845,"(1.21438390317554e+02dB,9.00560268457622e+01°)"
2033.81701780857,"(1.21425186123670e+02dB,9.00559419973925e+01°)"
2036.91109454459,"(1.21411981906349e+02dB,9.00558572944237e+01°)"
2040.00987834657,"(1.21398777699194e+02dB,9.00557726725050e+01°)"
2043.11337637544,"(1.21385573481539e+02dB,9.00556882251874e+01°)"
2046.22159580302,"(1.21372369256149e+02dB,9.00556038620159e+01°)"
2049.33454381205,"(1.21359165059853e+02dB,9.00555196806492e+01°)"
2052.45222759619,"(1.21345960842667e+02dB,9.00554356050676e+01°)"
2055.57465436005,"(1.21332756620992e+02dB,9.00553516332473e+01°)"
2058.7018313192,"(1.21319552420050e+02dB,9.00552678406464e+01°)"
2061.83376570018,"(1.21306348187104e+02dB,9.00551841767301e+01°)"
2064.97046474052,"(1.21293143994518e+02dB,9.00551005815081e+01°)"
2068.11193568879,"(1.21279939764871e+02dB,9.00550171260342e+01°)"
2071.25818580454,"(1.21266735555348e+02dB,9.00549338184751e+01°)"
2074.40922235841,"(1.21253531323508e+02dB,9.00548506396744e+01°)"
2077.56505263207,"(1.21240327083692e+02dB,9.00547675579313e+01°)"
2080.72568391829,"(1.21227122884621e+02dB,9.00546846441151e+01°)"
2083.89112352091,"(1.21213918661654e+02dB,9.00546018343877e+01°)"
2087.0613787549,"(1.21200714437570e+02dB,9.00545191861554e+01°)"
2090.23645694635,"(1.21187510224062e+02dB,9.00544366374454e+01°)"
2093.41636543251,"(1.21174306000276e+02dB,9.00543541697010e+01°)"
2096.60111156177,"(1.21161101748895e+02dB,9.00542718828273e+01°)"
2099.79070269372,"(1.21147897540889e+02dB,9.00541897062661e+01°)"
2102.98514619912,"(1.21134693310517e+02dB,9.00541076657582e+01°)"
2106.18444945998,"(1.21121489081929e+02dB,9.00540257604566e+01°)"
2109.3886198695,"(1.21108284845674e+02dB,9.00539439174698e+01°)"
2112.59766483216,"(1.21095080603479e+02dB,9.00538622448870e+01°)"
2115.81159176369,"(1.21081876380979e+02dB,9.00537806993136e+01°)"
2119.03040809109,"(1.21068672152194e+02dB,9.00536993030706e+01°)"
2122.2541212527,"(1.21055467909101e+02dB,9.00536180024172e+01°)"
2125.48273869812,"(1.21042263688372e+02dB,9.00535368577309e+01°)"
2128.71626788833,"(1.21029059435818e+02dB,9.00534557196741e+01°)"
2131.95471629563,"(1.21015855202416e+02dB,9.00533748070433e+01°)"
2135.1980914037,"(1.21002650968894e+02dB,9.00532940072650e+01°)"
2138.44640070762,"(1.20989446732624e+02dB,9.00532133374600e+01°)"
2141.69965171384,"(1.20976242481070e+02dB,9.00531327615095e+01°)"
2144.95785194026,"(1.20963038245528e+02dB,9.00530522952600e+01°)"
2148.2210089162,"(1.20949834003770e+02dB,9.00529720130135e+01°)"
2151.48913018243,"(1.20936629751244e+02dB,9.00528917902651e+01°)"
2154.7622232912,"(1.20923425511067e+02dB,9.00528117275717e+01°)"
2158.04029580627,"(1.20910221288046e+02dB,9.00527318041918e+01°)"
2161.32335530286,"(1.20897017039955e+02dB,9.00526519457172e+01°)"
2164.61140936776,"(1.20883812771916e+02dB,9.00525722747529e+01°)"
2167.90446559927,"(1.20870608544118e+02dB,9.00524926561488e+01°)"
2171.20253160727,"(1.20857404289939e+02dB,9.00524131638087e+01°)"
2174.50561501321,"(1.20844200028854e+02dB,9.00523338241559e+01°)"
2177.81372345013,"(1.20830995792159e+02dB,9.00522546450108e+01°)"
2181.12686456269,"(1.20817791537271e+02dB,9.00521755010323e+01°)"
2184.44504600717,"(1.20804587266409e+02dB,9.00520965342497e+01°)"
2187.7682754515,"(1.20791383019227e+02dB,9.00520176640116e+01°)"
2191.09656057529,"(1.20778178777864e+02dB,9.00519389604605e+01°)"
2194.42990906982,"(1.20764974502843e+02dB,9.00518602838132e+01°)"
2197.76832863806,"(1.20751770269040e+02dB,9.00517818148527e+01°)"
2201.11182699473,"(1.20738565994003e+02dB,9.00517034714492e+01°)"
2204.46041186626,"(1.20725361742771e+02dB,9.00516251991237e+01°)"
2207.81409099084,"(1.20712157483656e+02dB,9.00515470348748e+01°)"
2211.17287211843,"(1.20698953212751e+02dB,9.00514690091441e+01°)"
2214.5367630108,"(1.20685748937784e+02dB,9.00513910607091e+01°)"
2217.9057714415,"(1.20672544675876e+02dB,9.00513133376034e+01°)"
2221.27990519592,"(1.20659340426050e+02dB,9.00512356550239e+01°)"
2224.6591720713,"(1.20646136159218e+02dB,9.00511580990708e+01°)"
2228.04357987673,"(1.20632931889516e+02dB,9.00510806473968e+01°)"
2231.43313643318,"(1.20619727625396e+02dB,9.00510033567935e+01°)"
2234.82784957353,"(1.20606523349977e+02dB,9.00509262181704e+01°)"
2238.22772714257,"(1.20593319080161e+02dB,9.00508490864044e+01°)"
2241.63277699702,"(1.20580114815805e+02dB,9.00507720973906e+01°)"
2245.04300700557,"(1.20566910542698e+02dB,9.00506952678882e+01°)"
2248.45842504884,"(1.20553706249286e+02dB,9.00506185468691e+01°)"
2251.87903901949,"(1.20540501988286e+02dB,9.00505419593266e+01°)"
2255.30485682215,"(1.20527297717432e+02dB,9.00504654631069e+01°)"
2258.7358863735,"(1.20514093446359e+02dB,9.00503891046375e+01°)"
2262.17213560224,"(1.20500889157777e+02dB,9.00503128386592e+01°)"
2265.61361244915,"(1.20487684894386e+02dB,9.00502366966443e+01°)"
2269.06032486709,"(1.20474480599698e+02dB,9.00501606965482e+01°)"
2272.51228082101,"(1.20461276330603e+02dB,9.00500847774244e+01°)"
2275.96948828797,"(1.20448072031869e+02dB,9.00500089523923e+01°)"
2279.4319552572,"(1.20434867739287e+02dB,9.00499332841208e+01°)"
2282.89968973004,"(1.20421663463813e+02dB,9.00498577291596e+01°)"
2286.37269972003,"(1.20408459182284e+02dB,9.00497823081322e+01°)"
2289.8509932529,"(1.20395254896206e+02dB,9.00497069540856e+01°)"
2293.33457836658,"(1.20382050616277e+02dB,9.00496317529307e+01°)"
2296.82346311123,"(1.20368846330388e+02dB,9.00495566282705e+01°)"
2300.31765554926,"(1.20355642025144e+02dB,9.00494816518447e+01°)"
2303.81716375534,"(1.20342437735981e+02dB,9.00494067492023e+01°)"
2307.32199581644,"(1.20329233429283e+02dB,9.00493320037415e+01°)"
2310.83215983181,"(1.20316029147812e+02dB,9.00492573449145e+01°)"
2314.34766391305,"(1.20302824854046e+02dB,9.00491827982035e+01°)"
2317.86851618406,"(1.20289620562763e+02dB,9.00491083984383e+01°)"
2321.39472478114,"(1.20276416250624e+02dB,9.00490340843442e+01°)"
2324.92629785295,"(1.20263211970589e+02dB,9.00489599132715e+01°)"
2328.46324356053,"(1.20250007667825e+02dB,9.00488858120942e+01°)"
2332.00557007737,"(1.20236803373805e+02dB,9.00488118721093e+01°)"
2335.55328558937,"(1.20223599062540e+02dB,9.00487380426806e+01°)"
2339.1063982949,"(1.20210394770248e+02dB,9.00486642895610e+01°)"
2342.66491640477,"(1.20197190460464e+02dB,9.00485906621344e+01°)"
2346.22884814233,"(1.20183986154012e+02dB,9.00485171157033e+01°)"
2349.79820174339,"(1.20170781846605e+02dB,9.00484437174591e+01°)"
2353.37298545633,"(1.20157577546009e+02dB,9.00483704707787e+01°)"
2356.95320754206,"(1.20144373230893e+02dB,9.00482972726020e+01°)"
2360.53887627405,"(1.20131168914391e+02dB,9.00482241871995e+01°)"
2364.12999993837,"(1.20117964600916e+02dB,9.00481512452388e+01°)"
2367.7265868337,"(1.20104760293736e+02dB,9.00480783840363e+01°)"
2371.32864527132,"(1.20091555969842e+02dB,9.00480056555511e+01°)"
2374.93618357519,"(1.20078351672299e+02dB,9.00479330489056e+01°)"
2378.5492100819,"(1.20065147342887e+02dB,9.00478605214989e+01°)"
2382.16773314073,"(1.20051943030150e+02dB,9.00477880934697e+01°)"
2385.79176111369,"(1.20038738713041e+02dB,9.00477158608360e+01°)"
2389.42130237548,"(1.20025534396750e+02dB,9.00476436549006e+01°)"
2393.05636531354,"(1.20012330075931e+02dB,9.00475715493281e+01°)"
2396.69695832809,"(1.19999125749252e+02dB,9.00474996137331e+01°)"
2400.34308983211,"(1.19985921414240e+02dB,9.00474277912890e+01°)"
2403.99476825141,"(1.19972717107559e+02dB,9.00473560195681e+01°)"
2407.65200202457,"(1.19959512783489e+02dB,9.00472843940708e+01°)"
2411.31479960305,"(1.19946308437198e+02dB,9.00472128637472e+01°)"
2414.98316945115,"(1.19933104125213e+02dB,9.00471414577038e+01°)"
2418.65712004604,"(1.19919899787311e+02dB,9.00470701673324e+01°)"
2422.33665987781,"(1.19906695456057e+02dB,9.00469989578762e+01°)"
2426.02179744944,"(1.19893491125851e+02dB,9.00469279025595e+01°)"
2429.71254127685,"(1.19880286782151e+02dB,9.00468568766858e+01°)"
2433.40889988894,"(1.19867082449743e+02dB,9.00467860266716e+01°)"
2437.11088182756,"(1.19853878111405e+02dB,9.00467152416594e+01°)"
2440.81849564755,"(1.19840673776004e+02dB,9.00466446125967e+01°)"
2444.53174991679,"(1.19827469432195e+02dB,9.00465740404913e+01°)"
2448.25065321619,"(1.19814265094826e+02dB,9.00465036032730e+01°)"
2451.97521413968,"(1.19801060761859e+02dB,9.00464332697891e+01°)"
2455.70544129431,"(1.19787856418427e+02dB,9.00463630709916e+01°)"
2459.44134330019,"(1.19774652078024e+02dB,9.00462929548328e+01°)"
2463.18292879057,"(1.19761447732333e+02dB,9.00462229271023e+01°)"
2466.93020641181,"(1.19748243387721e+02dB,9.00461530056365e+01°)"
2470.68318482345,"(1.19735039022338e+02dB,9.00460832119815e+01°)"
2474.44187269817,"(1.19721834684888e+02dB,9.00460135153871e+01°)"
2478.20627872188,"(1.19708630333622e+02dB,9.00459440027262e+01°)"
2481.97641159367,"(1.19695425989881e+02dB,9.00458744784419e+01°)"
2485.7522800259,"(1.19682221629564e+02dB,9.00458051142662e+01°)"
2489.53389274415,"(1.19669017282980e+02dB,9.00457358123833e+01°)"
2493.3212584873,"(1.19655812923208e+02dB,9.00456666912567e+01°)"
2497.11438600751,"(1.19642608569097e+02dB,9.00455976395246e+01°)"
2500.91328407025,"(1.19629404196296e+02dB,9.00455286941977e+01°)"
2504.71796145435,"(1.19616199847987e+02dB,9.00454598335741e+01°)"
2508.52842695197,"(1.19602995490875e+02dB,9.00453910974722e+01°)"
2512.34468936866,"(1.19589791129194e+02dB,9.00453224477551e+01°)"
2516.16675752335,"(1.19576586766926e+02dB,9.00452539321021e+01°)"
2519.99464024842,"(1.19563382405994e+02dB,9.00451854931597e+01°)"
2523.82834638964,"(1.19550178030899e+02dB,9.00451171666701e+01°)"
2527.66788480627,"(1.19536973653534e+02dB,9.00450489322180e+01°)"
2531.51326437104,"(1.19523769294838e+02dB,9.00449808559998e+01°)"
2535.36449397018,"(1.19510564911677e+02dB,9.00449128568793e+01°)"
2539.22158250344,"(1.19497360553032e+02dB,9.00448449367479e+01°)"
2543.0845388841,"(1.19484156184000e+02dB,9.00447771988642e+01°)"
2546.953372039,"(1.19470951807095e+02dB,9.00447094663958e+01°)"
2550.82809090857,"(1.19457747438187e+02dB,9.00446418531227e+01°)"
2554.70870444684,"(1.19444543058198e+02dB,9.00445743449591e+01°)"
2558.59522162146,"(1.19431338672345e+02dB,9.00445069507502e+01°)"
2562.48765141371,"(1.19418134287589e+02dB,9.00444396669705e+01°)"
2566.38600281856,"(1.19404929911389e+02dB,9.00443724952077e+01°)"
2570.29028484465,"(1.19391725538959e+02dB,9.00443054200421e+01°)"
2574.20050651431,"(1.19378521140813e+02dB,9.00442384592502e+01°)"
2578.11667686362,"(1.19365316759356e+02dB,9.00441715769095e+01°)"
2582.03880494239,"(1.19352112373546e+02dB,9.00441048036888e+01°)"
2585.96689981422,"(1.19338907985677e+02dB,9.00440381510791e+01°)"
2589.90097055646,"(1.19325703583917e+02dB,9.00439715782993e+01°)"
2593.84102626031,"(1.19312499207126e+02dB,9.00439051055171e+01°)"
2597.78707603077,"(1.19299294810770e+02dB,9.00438387534461e+01°)"
2601.73912898672,"(1.19286090401126e+02dB,9.00437724510248e+01°)"
2605.69719426089,"(1.19272886012314e+02dB,9.00437062661639e+01°)"
2609.6612809999,"(1.19259681616675e+02dB,9.00436402234857e+01°)"
2613.63139836432,"(1.19246477213002e+02dB,9.00435742717838e+01°)"
2617.60755552861,"(1.19233272806246e+02dB,9.00435084125956e+01°)"
2621.58976168122,"(1.19220068414528e+02dB,9.00434426607262e+01°)"
2625.57802602456,"(1.19206864012743e+02dB,9.00433769735310e+01°)"
2629.57235777506,"(1.19193659610269e+02dB,9.00433114556966e+01°)"
2633.57276616315,"(1.19180455188388e+02dB,9.00432459677973e+01°)"
2637.57926043331,"(1.19167250796049e+02dB,9.00431806399851e+01°)"
2641.59184984409,"(1.19154046375296e+02dB,9.00431153166990e+01°)"
2645.61054366811,"(1.19140841972134e+02dB,9.00430501705968e+01°)"
2649.63535119213,"(1.19127637556119e+02dB,9.00429851326872e+01°)"
2653.66628171699,"(1.19114433149596e+02dB,9.00429201559992e+01°)"
2657.70334455771,"(1.19101228733674e+02dB,9.00428553060432e+01°)"
2661.74654904348,"(1.19088024319885e+02dB,9.00427905398632e+01°)"
2665.79590451768,"(1.19074819899354e+02dB,9.00427258674195e+01°)"
2669.8514203379,"(1.19061615485975e+02dB,9.00426612771129e+01°)"
2673.91310587597,"(1.19048411057155e+02dB,9.00425968196161e+01°)"
2677.98097051796,"(1.19035206634467e+02dB,9.00425324887520e+01°)"
2682.05502366426,"(1.19022002218958e+02dB,9.00424681927915e+01°)"
2686.13527472951,"(1.19008797787025e+02dB,9.00424040394496e+01°)"
2690.22173314272,"(1.18995593361600e+02dB,9.00423399541448e+01°)"
2694.31440834721,"(1.18982388921826e+02dB,9.00422759667031e+01°)"
2698.41330980069,"(1.18969184510719e+02dB,9.00422121218525e+01°)"
2702.51844697523,"(1.18955980075073e+02dB,9.00421482998512e+01°)"
2706.62982935734,"(1.18942775646799e+02dB,9.00420846587727e+01°)"
2710.74746644795,"(1.18929571193991e+02dB,9.00420210312844e+01°)"
2714.87136776244,"(1.18916366765851e+02dB,9.00419575432678e+01°)"
2719.00154283067,"(1.18903162330396e+02dB,9.00418941765632e+01°)"
2723.13800119699,"(1.18889957886721e+02dB,9.00418308459464e+01°)"
2727.28075242028,"(1.18876753441125e+02dB,9.00417676920607e+01°)"
2731.42980607397,"(1.18863548998487e+02dB,9.00417045522217e+01°)"
2735.58517174603,"(1.18850344565250e+02dB,9.00416415688143e+01°)"
2739.74685903903,"(1.18837140107564e+02dB,9.00415786456802e+01°)"
2743.91487757015,"(1.18823935660665e+02dB,9.00415158431984e+01°)"
2748.08923697121,"(1.18810731204342e+02dB,9.00414531173913e+01°)"
2752.26994688866,"(1.18797526760272e+02dB,9.00413905164444e+01°)"
2756.45701698363,"(1.18784322307247e+02dB,9.00413279706593e+01°)"
2760.65045693197,"(1.18771117862786e+02dB,9.00412655333561e+01°)"
2764.85027642423,"(1.18757913412083e+02dB,9.00412032074490e+01°)"
2769.05648516571,"(1.18744708954460e+02dB,9.00411409381774e+01°)"
2773.26909287646,"(1.18731504485739e+02dB,9.00410788252294e+01°)"
2777.48810929134,"(1.18718300023915e+02dB,9.00410167346357e+01°)"
2781.71354416001,"(1.18705095555363e+02dB,9.00409547968072e+01°)"
2785.94540724696,"(1.18691891102852e+02dB,9.00408929801418e+01°)"
2790.18370833152,"(1.18678686625408e+02dB,9.00408311658237e+01°)"
2794.42845720794,"(1.18665482169969e+02dB,9.00407695340810e+01°)"
2798.67966368532,"(1.18652277697697e+02dB,9.00407079150693e+01°)"
2802.93733758773,"(1.18639073223844e+02dB,9.00406464425910e+01°)"
2807.20148875414,"(1.18625868763344e+02dB,9.00405850690549e+01°)"
2811.47212703852,"(1.18612664285827e+02dB,9.00405237509670e+01°)"
2815.74926230983,"(1.18599459796278e+02dB,9.00404625812192e+01°)"
2820.03290445201,"(1.18586255318304e+02dB,9.00404014611125e+01°)"
2824.32306336409,"(1.18573050852741e+02dB,9.00403404211247e+01°)"
2828.61974896011,"(1.18559846368033e+02dB,9.00402795256439e+01°)"
2832.92297116923,"(1.18546641894704e+02dB,9.00402186982236e+01°)"
2837.23273993569,"(1.18533437407135e+02dB,9.00401579232480e+01°)"
2841.54906521886,"(1.18520232907143e+02dB,9.00400973202317e+01°)"
2845.87195699328,"(1.18507028432401e+02dB,9.00400367635883e+01°)"
2850.20142524865,"(1.18493823936935e+02dB,9.00399762977892e+01°)"
2854.53747998987,"(1.18480619449708e+02dB,9.00399159480743e+01°)"
2858.88013123705,"(1.18467414952190e+02dB,9.00398556638788e+01°)"
2863.22938902558,"(1.18454210466214e+02dB,9.00397954623494e+01°)"
2867.58526340607,"(1.18441005952250e+02dB,9.00397353966602e+01°)"
2871.94776444445,"(1.18427801464862e+02dB,9.00396753723998e+01°)"
2876.31690222195,"(1.18414596971678e+02dB,9.00396154631633e+01°)"
2880.69268683515,"(1.18401392471261e+02dB,9.00395556539519e+01°)"
2885.07512839598,"(1.18388187957397e+02dB,9.00394959408550e+01°)"
2889.46423703176,"(1.18374983451169e+02dB,9.00394362958085e+01°)"
2893.8600228852,"(1.18361778947946e+02dB,9.00393767461769e+01°)"
2898.26249611446,"(1.18348574435904e+02dB,9.00393173156726e+01°)"
2902.67166689314,"(1.18335369936299e+02dB,9.00392579603481e+01°)"
2907.08754541034,"(1.18322165413312e+02dB,9.00391986819499e+01°)"
2911.51014187062,"(1.18308960893653e+02dB,9.00391395168296e+01°)"
2915.93946649412,"(1.18295756394369e+02dB,9.00390804363272e+01°)"
2920.37552951647,"(1.18282551874499e+02dB,9.00390214034560e+01°)"
2924.81834118891,"(1.18269347362910e+02dB,9.00389625430604e+01°)"
2929.26791177826,"(1.18256142835690e+02dB,9.00389037232358e+01°)"
2933.72425156696,"(1.18242938300991e+02dB,9.00388449596514e+01°)"
2938.18737085311,"(1.18229733791424e+02dB,9.00387863498436e+01°)"
2942.65727995045,"(1.18216529243078e+02dB,9.00387277956345e+01°)"
2947.13398918843,"(1.18203324728085e+02dB,9.00386693378112e+01°)"
2951.6175089122,"(1.18190120205592e+02dB,9.00386109506748e+01°)"
2956.10784948267,"(1.18176915676818e+02dB,9.00385526744280e+01°)"
2960.60502127648,"(1.18163711128952e+02dB,9.00384945073725e+01°)"
2965.10903468608,"(1.18150506595366e+02dB,9.00384363756199e+01°)"
2969.61990011972,"(1.18137302049559e+02dB,9.00383783741455e+01°)"
2974.1376280015,"(1.18124097509942e+02dB,9.00383204527302e+01°)"
2978.66222877136,"(1.18110892977673e+02dB,9.00382626362409e+01°)"
2983.19371288512,"(1.18097688434349e+02dB,9.00382048956179e+01°)"
2987.73209081454,"(1.18084483879071e+02dB,9.00381472080694e+01°)"
2992.27737304726,"(1.18071279341496e+02dB,9.00380896437856e+01°)"
2996.82957008692,"(1.18058074798335e+02dB,9.00380321610172e+01°)"
3001.38869245311,"(1.18044870240205e+02dB,9.00379747483644e+01°)"
3005.95475068144,"(1.18031665683307e+02dB,9.00379174482507e+01°)"
3010.52775532354,"(1.18018461138443e+02dB,9.00378602551506e+01°)"
3015.10771694709,"(1.18005256577796e+02dB,9.00378031098176e+01°)"
3019.69464613586,"(1.17992052019455e+02dB,9.00377460538674e+01°)"
3024.28855348971,"(1.17978847459620e+02dB,9.00376891067516e+01°)"
3028.88944962463,"(1.17965642890508e+02dB,9.00376322548960e+01°)"
3033.49734517276,"(1.17952438337610e+02dB,9.00375754320149e+01°)"
3038.11225078241,"(1.17939233756644e+02dB,9.00375187553275e+01°)"
3042.73417711809,"(1.17926029195014e+02dB,9.00374621488782e+01°)"
3047.36313486055,"(1.17912824627973e+02dB,9.00374056207807e+01°)"
3051.99913470676,"(1.17899620060759e+02dB,9.00373491759836e+01°)"
3056.64218736999,"(1.17886415485409e+02dB,9.00372928363018e+01°)"
3061.29230357979,"(1.17873210890787e+02dB,9.00372365737200e+01°)"
3065.94949408205,"(1.17860006319856e+02dB,9.00371803986906e+01°)"
3070.613769639,"(1.17846801740933e+02dB,9.00371243058576e+01°)"
3075.28514102922,"(1.17833597161565e+02dB,9.00370682791652e+01°)"
3079.96361904774,"(1.17820392584005e+02dB,9.00370123826555e+01°)"
3084.64921450595,"(1.17807187990950e+02dB,9.00369565212501e+01°)"
3089.34193823175,"(1.17793983395862e+02dB,9.00369007924315e+01°)"
3094.04180106946,"(1.17780778810118e+02dB,9.00368451190069e+01°)"
3098.74881387992,"(1.17767574221357e+02dB,9.00367895344009e+01°)"
3103.46298754051,"(1.17754369618257e+02dB,9.00367340537726e+01°)"
3108.18433294512,"(1.17741165035207e+02dB,9.00366786618398e+01°)"
3112.91286100425,"(1.17727960436133e+02dB,9.00366233352066e+01°)"
3117.64858264497,"(1.17714755830356e+02dB,9.00365680597166e+01°)"
3122.39150881098,"(1.17701551234481e+02dB,9.00365129352111e+01°)"
3127.14165046265,"(1.17688346613802e+02dB,9.00364578482972e+01°)"
3131.899018577,"(1.17675142028047e+02dB,9.00364028790463e+01°)"
3136.66362414776,"(1.17661937407407e+02dB,9.00363479730684e+01°)"
3141.43547818537,"(1.17648732792379e+02dB,9.00362931496555e+01°)"
3146.21459171705,"(1.17635528183357e+02dB,9.00362384072897e+01°)"
3151.00097578677,"(1.17622323574562e+02dB,9.00361837422268e+01°)"
3155.79464145531,"(1.17609118954841e+02dB,9.00361291897389e+01°)"
3160.59559980029,"(1.17595914326374e+02dB,9.00360747048170e+01°)"
3165.40386191614,"(1.17582709705702e+02dB,9.00360203142898e+01°)"
3170.21943891423,"(1.17569505080988e+02dB,9.00359659704575e+01°)"
3175.04234192278,"(1.17556300456621e+02dB,9.00359117471889e+01°)"
3179.87258208697,"(1.17543095825447e+02dB,9.00358576030267e+01°)"
3184.71017056892,"(1.17529891202942e+02dB,9.00358035231760e+01°)"
3189.55511854774,"(1.17516686577813e+02dB,9.00357495577808e+01°)"
3194.40743721955,"(1.17503481933488e+02dB,9.00356956627612e+01°)"
3199.2671377975,"(1.17490277311248e+02dB,9.00356418095147e+01°)"
3204.13423151178,"(1.17477072676425e+02dB,9.00355880875130e+01°)"
3209.0087296097,"(1.17463868018763e+02dB,9.00355344292765e+01°)"
3213.89064335564,"(1.17450663384798e+02dB,9.00354808615009e+01°)"
3218.77998403116,"(1.17437458736661e+02dB,9.00354273616628e+01°)"
3223.67676293494,"(1.17424254088113e+02dB,9.00353739450775e+01°)"
3228.58099138289,"(1.17411049445424e+02dB,9.00353206157719e+01°)"
3233.4926807081,"(1.17397844793385e+02dB,9.00352673739575e+01°)"
3238.41184226092,"(1.17384640131740e+02dB,9.00352142014453e+01°)"
3243.33848740897,"(1.17371435477363e+02dB,9.00351611256824e+01°)"
3248.27262753714,"(1.17358230822845e+02dB,9.00351081313768e+01°)"
3253.21427404768,"(1.17345026159026e+02dB,9.00350552159435e+01°)"
3258.16343836014,"(1.17331821502682e+02dB,9.00350023705659e+01°)"
3263.12013191149,"(1.17318616830601e+02dB,9.00349495910917e+01°)"
3268.08436615606,"(1.17305412155647e+02dB,9.00348969191434e+01°)"
3273.05615256562,"(1.17292207490350e+02dB,9.00348443171235e+01°)"
3278.03550262941,"(1.17279002823994e+02dB,9.00347917972533e+01°)"
3283.02242785411,"(1.17265798152665e+02dB,9.00347393900136e+01°)"
3288.01693976394,"(1.17252593466776e+02dB,9.00346870184255e+01°)"
3293.01904990064,"(1.17239388791310e+02dB,9.00346347483792e+01°)"
3298.0287698235,"(1.17226184108369e+02dB,9.00345825569240e+01°)"
3303.04611110942,"(1.17212979425323e+02dB,9.00345304353850e+01°)"
3308.07108535287,"(1.17199774738823e+02dB,9.00344783760214e+01°)"
3313.10370416601,"(1.17186570047986e+02dB,9.00344264270114e+01°)"
3318.14397917862,"(1.17173365357714e+02dB,9.00343745349419e+01°)"
3323.19192203821,"(1.17160160664073e+02dB,9.00343227325235e+01°)"
3328.24754440998,"(1.17146955973568e+02dB,9.00342710174064e+01°)"
3333.31085797689,"(1.17133751271912e+02dB,9.00342194039918e+01°)"
3338.38187443967,"(1.17120546573091e+02dB,9.00341678369778e+01°)"
3343.46060551686,"(1.17107341880515e+02dB,9.00341163533818e+01°)"
3348.54706294482,"(1.17094137168202e+02dB,9.00340649618175e+01°)"
3353.64125847775,"(1.17080932468016e+02dB,9.00340136265025e+01°)"
3358.74320388777,"(1.17067727754716e+02dB,9.00339623750164e+01°)"
3363.85291096487,"(1.17054523037197e+02dB,9.00339112073946e+01°)"
3368.97039151699,"(1.17041318328142e+02dB,9.00338601287592e+01°)"
3374.09565737005,"(1.17028113612889e+02dB,9.00338091258309e+01°)"
3379.22872036794,"(1.17014908892863e+02dB,9.00337581972973e+01°)"
3384.36959237257,"(1.17001704179189e+02dB,9.00337073130334e+01°)"
3389.5182852639,"(1.16988499455860e+02dB,9.00336565460695e+01°)"
3394.67481093997,"(1.16975294723378e+02dB,9.00336058646577e+01°)"
3399.83918131691,"(1.16962089996365e+02dB,9.00335552360831e+01°)"
3405.01140832898,"(1.16948885276244e+02dB,9.00335046943487e+01°)"
3410.19150392861,"(1.16935680524637e+02dB,9.00334542194902e+01°)"
3415.3794800864,"(1.16922475809526e+02dB,9.00334038440701e+01°)"
3420.57534879115,"(1.16909271054853e+02dB,9.00333535206695e+01°)"
3425.77912204992,"(1.16896066323582e+02dB,9.00333033053188e+01°)"
3430.99081188803,"(1.16882861578139e+02dB,9.00332531277817e+01°)"
3436.21043034909,"(1.16869656826072e+02dB,9.00332030562811e+01°)"
3441.43798949503,"(1.16856452082555e+02dB,9.00331530574833e+01°)"
3446.67350140614,"(1.16843247330860e+02dB,9.00331031199905e+01°)"
3451.91697818109,"(1.16830042569336e+02dB,9.00330532707592e+01°)"
3457.16843193693,"(1.16816837818265e+02dB,9.00330034762005e+01°)"
3462.42787480918,"(1.16803633062260e+02dB,9.00329537901758e+01°)"
3467.69531895179,"(1.16790428296728e+02dB,9.00329041606420e+01°)"
3472.97077653723,"(1.16777223547142e+02dB,9.00328546155501e+01°)"
3478.25425975645,"(1.16764018770364e+02dB,9.00328051509908e+01°)"
3483.54578081899,"(1.16750814000497e+02dB,9.00327557471852e+01°)"
3488.84535195293,"(1.16737609240520e+02dB,9.00327064464232e+01°)"
3494.15298540498,"(1.16724404464935e+02dB,9.00326571992396e+01°)"
3499.46869344045,"(1.16711199694249e+02dB,9.00326080290408e+01°)"
3504.79248834334,"(1.16697994900782e+02dB,9.00325589408902e+01°)"
3510.12438241631,"(1.16684790129865e+02dB,9.00325099169581e+01°)"
3515.46438798076,"(1.16671585335173e+02dB,9.00324609746662e+01°)"
3520.81251737683,"(1.16658380562038e+02dB,9.00324121108655e+01°)"
3526.16878296342,"(1.16645175769096e+02dB,9.00323633266693e+01°)"
3531.53319711825,"(1.16631970971992e+02dB,9.00323145938604e+01°)"
3536.90577223785,"(1.16618766180009e+02dB,9.00322659456599e+01°)"
3542.28652073762,"(1.16605561390233e+02dB,9.00322174035426e+01°)"
3547.67545505185,"(1.16592356584509e+02dB,9.00321689114607e+01°)"
3553.07258763375,"(1.16579151783525e+02dB,9.00321204907329e+01°)"
3558.47793095546,"(1.16565946989003e+02dB,9.00320721503901e+01°)"
3563.89149750811,"(1.16552742179368e+02dB,9.00320238672766e+01°)"
3569.31329980182,"(1.16539537363372e+02dB,9.00319756682993e+01°)"
3574.74335036576,"(1.16526332541291e+02dB,9.00319275325361e+01°)"
3580.18166174813,"(1.16513127723109e+02dB,9.00318794954567e+01°)"
3585.62824651626,"(1.16499922908625e+02dB,9.00318315168203e+01°)"
3591.08311725656,"(1.16486718091653e+02dB,9.00317836176394e+01°)"
3596.54628657461,"(1.16473513270083e+02dB,9.00317357833952e+01°)"
3602.01776709517,"(1.16460308438845e+02dB,9.00316880288717e+01°)"
3607.49757146219,"(1.16447103614179e+02dB,9.00316403449112e+01°)"
3612.98571233887,"(1.16433898786041e+02dB,9.00315927408443e+01°)"
3618.48220240766,"(1.16420693938037e+02dB,9.00315452090739e+01°)"
3623.98705437032,"(1.16407489097053e+02dB,9.00314977432864e+01°)"
3629.50028094793,"(1.16394284267755e+02dB,9.00314503607927e+01°)"
3635.02189488091,"(1.16381079427545e+02dB,9.00314030273620e+01°)"
3640.55190892908,"(1.16367874585431e+02dB,9.00313557985345e+01°)"
3646.09033587166,"(1.16354669730730e+02dB,9.00313086165083e+01°)"
3651.6371885073,"(1.16341464873155e+02dB,9.00312615161245e+01°)"
3657.19247965416,"(1.16328260027383e+02dB,9.00312144888329e+01°)"
3662.75622214986,"(1.16315055170362e+02dB,9.00311675357791e+01°)"
3668.32842885156,"(1.16301850297756e+02dB,9.00311206522009e+01°)"
3673.909112636,"(1.16288645446136e+02dB,9.00310738405078e+01°)"
3679.49828639949,"(1.16275440570643e+02dB,9.00310271004621e+01°)"
3685.09596305795,"(1.16262235700540e+02dB,9.00309804267461e+01°)"
3690.70215554699,"(1.16249030843390e+02dB,9.00309338361192e+01°)"
3696.31687682185,"(1.16235825962097e+02dB,9.00308873216349e+01°)"
3701.94013985751,"(1.16222621088794e+02dB,9.00308408549005e+01°)"
3707.57195764868,"(1.16209416215421e+02dB,9.00307944740925e+01°)"
3713.21234320984,"(1.16196211327394e+02dB,9.00307481715094e+01°)"
3718.86130957527,"(1.16183006428593e+02dB,9.00307019366054e+01°)"
3724.51886979907,"(1.16169801549187e+02dB,9.00306557437608e+01°)"
3730.18503695522,"(1.16156596649049e+02dB,9.00306096529554e+01°)"
3735.85982413757,"(1.16143391761699e+02dB,9.00305636310415e+01°)"
3741.54324445989,"(1.16130186863746e+02dB,9.00305176689050e+01°)"
3747.23531105592,"(1.16116981962735e+02dB,9.00304717924918e+01°)"
3752.93603707937,"(1.16103777057416e+02dB,9.00304259612383e+01°)"
3758.64543570394,"(1.16090572147055e+02dB,9.00303802183410e+01°)"
3764.3635201234,"(1.16077367243925e+02dB,9.00303345413265e+01°)"
3770.09030355158,"(1.16064162328637e+02dB,9.00302889413031e+01°)"
3775.82579922242,"(1.16050957417930e+02dB,9.00302434110415e+01°)"
3781.57002038999,"(1.16037752502935e+02dB,9.00301979535151e+01°)"
3787.3229803285,"(1.16024547573628e+02dB,9.00301525502280e+01°)"
3793.0846923324,"(1.16011342655362e+02dB,9.00301072194044e+01°)"
3798.85516971633,"(1.15998137729532e+02dB,9.00300619664487e+01°)"
3804.63442581519,"(1.15984932793721e+02dB,9.00300167784167e+01°)"
3810.42247398418,"(1.15971727854751e+02dB,9.00299716562189e+01°)"
3816.2193275988,"(1.15958522930014e+02dB,9.00299266117230e+01°)"
3822.02500005492,"(1.15945317975777e+02dB,9.00298816273397e+01°)"
3827.83950476878,"(1.15932113047475e+02dB,9.00298367293378e+01°)"
3833.66285517701,"(1.15918908089553e+02dB,9.00297918728642e+01°)"
3839.49506473672,"(1.15905703145737e+02dB,9.00297471068632e+01°)"
3845.33614692546,"(1.15892498198742e+02dB,9.00297023940354e+01°)"
3851.18611524129,"(1.15879293238349e+02dB,9.00296577654083e+01°)"
3857.04498320283,"(1.15866088271636e+02dB,9.00296131898073e+01°)"
3862.91276434922,"(1.15852883314937e+02dB,9.00295687082609e+01°)"
3868.78947224025,"(1.15839678350309e+02dB,9.00295242699714e+01°)"
3874.67512045629,"(1.15826473390110e+02dB,9.00294799140175e+01°)"
3880.56972259841,"(1.15813268410283e+02dB,9.00294356038423e+01°)"
3886.47329228834,"(1.15800063437202e+02dB,9.00293913882187e+01°)"
3892.38584316856,"(1.15786858462906e+02dB,9.00293472304739e+01°)"
3898.30738890228,"(1.15773653480501e+02dB,9.00293031562739e+01°)"
3904.23794317351,"(1.15760448494654e+02dB,9.00292591128638e+01°)"
3910.17751968708,"(1.15747243506659e+02dB,9.00292151650185e+01°)"
3916.12613216865,"(1.15734038517371e+02dB,9.00291712718619e+01°)"
3922.0837943648,"(1.15720833522506e+02dB,9.00291274672526e+01°)"
3928.05052004298,"(1.15707628529024e+02dB,9.00290837081335e+01°)"
3934.0263229916,"(1.15694423537048e+02dB,9.00290400172189e+01°)"
3940.01121702006,"(1.15681218526893e+02dB,9.00289963991948e+01°)"
3946.00521595876,"(1.15668013521237e+02dB,9.00289528548882e+01°)"
3952.00833365913,"(1.15654808504077e+02dB,9.00289093629497e+01°)"
3958.02058399368,"(1.15641603496228e+02dB,9.00288659577660e+01°)"
3964.04198085604,"(1.15628398478979e+02dB,9.00288226096065e+01°)"
3970.07253816094,"(1.15615193460630e+02dB,9.00287793134449e+01°)"
3976.11226984432,"(1.15601988446936e+02dB,9.00287361120594e+01°)"
3982.16118986328,"(1.15588783411657e+02dB,9.00286929547925e+01°)"
3988.2193121962,"(1.15575578378117e+02dB,9.00286498681144e+01°)"
3994.28665084268,"(1.15562373352460e+02dB,9.00286068481048e+01°)"
4000.36321982364,"(1.15549168311767e+02dB,9.00285638945774e+01°)"
4006.44903318134,"(1.15535963273829e+02dB,9.00285210036247e+01°)"
4012.54410497939,"(1.15522758230813e+02dB,9.00284781909754e+01°)"
4018.64844930278,"(1.15509553186627e+02dB,9.00284354413886e+01°)"
4024.76208025796,"(1.15496348131661e+02dB,9.00283927456765e+01°)"
4030.88501197281,"(1.15483143080527e+02dB,9.00283501157189e+01°)"
4037.01725859673,"(1.15469938023696e+02dB,9.00283075743001e+01°)"
4043.15883430063,"(1.15456732963446e+02dB,9.00282650638596e+01°)"
4049.30975327697,"(1.15443527896028e+02dB,9.00282226482911e+01°)"
4055.47002973983,"(1.15430322832351e+02dB,9.00281802904768e+01°)"
4061.63967792488,"(1.15417117764548e+02dB,9.00281379889760e+01°)"
4067.81871208948,"(1.15403912691006e+02dB,9.00280957588933e+01°)"
4074.00714651264,"(1.15390707608613e+02dB,9.00280535803329e+01°)"
4080.20499549514,"(1.15377502526261e+02dB,9.00280114855117e+01°)"
4086.41227335948,"(1.15364297442782e+02dB,9.00279694585928e+01°)"
4092.62899444997,"(1.15351092352860e+02dB,9.00279274783691e+01°)"
4098.85517313272,"(1.15337887265725e+02dB,9.00278855683781e+01°)"
4105.09082379572,"(1.15324682165989e+02dB,9.00278437322040e+01°)"
4111.33596084883,"(1.15311477070158e+02dB,9.00278019531718e+01°)"
4117.59059872384,"(1.15298271969676e+02dB,9.00277602313127e+01°)"
4123.85475187451,"(1.15285066860916e+02dB,9.00277185790797e+01°)"
4130.12843477655,"(1.15271861753665e+02dB,9.00276769900203e+01°)"
4136.41166192773,"(1.15258656636750e+02dB,9.00276354709422e+01°)"
4142.70444784786,"(1.15245451519983e+02dB,9.00275940094444e+01°)"
4149.00680707883,"(1.15232246400156e+02dB,9.00275526164716e+01°)"
4155.31875418468,"(1.15219041278834e+02dB,9.00275112917686e+01°)"
4161.64030375158,"(1.15205836155517e+02dB,9.00274700284427e+01°)"
4167.9714703879,"(1.15192631015999e+02dB,9.00274288222893e+01°)"
4174.31226872424,"(1.15179425882418e+02dB,9.00273876799383e+01°)"
4180.66271341344,"(1.15166220744551e+02dB,9.00273466098806e+01°)"
4187.02281913065,"(1.15153015599880e+02dB,9.00273055871921e+01°)"
4193.39260057334,"(1.15139810462024e+02dB,9.00272646425823e+01°)"
4199.77207246134,"(1.15126605301362e+02dB,9.00272237395780e+01°)"
4206.16124953687,"(1.15113400153520e+02dB,9.00271829285374e+01°)"
4212.56014656457,"(1.15100194996168e+02dB,9.00271421572914e+01°)"
4218.96877833156,"(1.15086989836871e+02dB,9.00271014598605e+01°)"
4225.38715964745,"(1.15073784673890e+02dB,9.00270608327949e+01°)"
4231.81530534438,"(1.15060579504172e+02dB,9.00270202429732e+01°)"
4238.25323027703,"(1.15047374331905e+02dB,9.00269797314530e+01°)"
4244.70094932272,"(1.15034169154158e+02dB,9.00269392909782e+01°)"
4251.15847738138,"(1.15020963971357e+02dB,9.00268988971498e+01°)"
4257.6258293756,"(1.15007758792835e+02dB,9.00268585640633e+01°)"
4264.10302025069,"(1.14994553604468e+02dB,9.00268183142074e+01°)"
4270.59006497469,"(1.14981348416894e+02dB,9.00267781125480e+01°)"
4277.08697853842,"(1.14968143224652e+02dB,9.00267379647633e+01°)"
4283.59377595547,"(1.14954938017451e+02dB,9.00266978992917e+01°)"
4290.11047226232,"(1.14941732818234e+02dB,9.00266578778863e+01°)"
4296.63708251828,"(1.14928527611043e+02dB,9.00266179198665e+01°)"
4303.17362180562,"(1.14915322395966e+02dB,9.00265780190951e+01°)"
4309.7201052295,"(1.14902117185093e+02dB,9.00265381943912e+01°)"
4316.2765479181,"(1.14888911967818e+02dB,9.00264984273360e+01°)"
4322.84296502259,"(1.14875706744812e+02dB,9.00264587183308e+01°)"
4329.41937171722,"(1.14862501517783e+02dB,9.00264190711475e+01°)"
4336.00578319928,"(1.14849296289481e+02dB,9.00263794738191e+01°)"
4342.60221468922,"(1.14836091053525e+02dB,9.00263399491204e+01°)"
4349.20868143064,"(1.14822885817090e+02dB,9.00263004804656e+01°)"
4355.8251986903,"(1.14809680575387e+02dB,9.00262610845376e+01°)"
4362.45178175821,"(1.14796475333837e+02dB,9.00262217529169e+01°)"
4369.08844594765,"(1.14783270078241e+02dB,9.00261824646400e+01°)"
4375.73520659517,"(1.14770064824623e+02dB,9.00261432369316e+01°)"
4382.39207906067,"(1.14756859564623e+02dB,9.00261040692471e+01°)"
4389.05907872742,"(1.14743654304112e+02dB,9.00260649691873e+01°)"
4395.73622100207,"(1.14730449035510e+02dB,9.00260259237077e+01°)"
4402.42352131473,"(1.14717243766320e+02dB,9.00259869576148e+01°)"
4409.12099511899,"(1.14704038489952e+02dB,9.00259480227639e+01°)"
4415.82865789192,"(1.14690833214370e+02dB,9.00259091619531e+01°)"
4422.54652513415,"(1.14677627935028e+02dB,9.00258703652596e+01°)"
4429.27461236992,"(1.14664422644480e+02dB,9.00258316170350e+01°)"
4436.01293514703,"(1.14651217352685e+02dB,9.00257929379908e+01°)"
4442.76150903699,"(1.14638012058312e+02dB,9.00257543146146e+01°)"
4449.52034963496,"(1.14624806758275e+02dB,9.00257157524227e+01°)"
4456.28947255984,"(1.14611601458365e+02dB,9.00256772476260e+01°)"
4463.0688934543,"(1.14598396151394e+02dB,9.00256388051527e+01°)"
4469.85862798478,"(1.14585190833741e+02dB,9.00256004176963e+01°)"
4476.65869184159,"(1.14571985521946e+02dB,9.00255620915031e+01°)"
4483.46910073887,"(1.14558780203397e+02dB,9.00255238284444e+01°)"
4490.28987041471,"(1.14545574877717e+02dB,9.00254856224022e+01°)"
4497.12101663111,"(1.14532369548268e+02dB,9.00254474639053e+01°)"
4503.96255517405,"(1.14519164216163e+02dB,9.00254093750416e+01°)"
4510.81450185355,"(1.14505958877710e+02dB,9.00253713532275e+01°)"
4517.67687250366,"(1.14492753539267e+02dB,9.00253333779350e+01°)"
4524.54968298252,"(1.14479548190371e+02dB,9.00252954649116e+01°)"
4531.4329491724,"(1.14466342842437e+02dB,9.00252576112297e+01°)"
4538.32668697974,"(1.14453137485989e+02dB,9.00252198013223e+01°)"
4545.23091233517,"(1.14439932125248e+02dB,9.00251820776514e+01°)"
4552.14564119355,"(1.14426726763659e+02dB,9.00251443950274e+01°)"
4559.07088953402,"(1.14413521392203e+02dB,9.00251067621797e+01°)"
4566.00667336003,"(1.14400316024537e+02dB,9.00250692044468e+01°)"
4572.95300869938,"(1.14387110648893e+02dB,9.00250316982627e+01°)"
4579.90991160424,"(1.14373905265254e+02dB,9.00249942460668e+01°)"
4586.8773981512,"(1.14360699881214e+02dB,9.00249568509460e+01°)"
4593.85548444133,"(1.14347494496170e+02dB,9.00249195207067e+01°)"
4600.84418660018,"(1.14334289098090e+02dB,9.00248822394708e+01°)"
4607.84352077783,"(1.14321083699183e+02dB,9.00248450313975e+01°)"
4614.85350314892,"(1.14307878298865e+02dB,9.00248078588282e+01°)"
4621.87414991272,"(1.14294672893082e+02dB,9.00247707645303e+01°)"
4628.90547729314,"(1.14281467478887e+02dB,9.00247337141736e+01°)"
4635.94750153874,"(1.14268262060834e+02dB,9.00246967242898e+01°)"
4643.00023892285,"(1.14255056644455e+02dB,9.00246598005735e+01°)"
4650.06370574352,"(1.14241851214873e+02dB,9.00246229147808e+01°)"
4657.1379183236,"(1.14228645786552e+02dB,9.00245860982795e+01°)"
4664.22289301078,"(1.14215440357484e+02dB,9.00245493480020e+01°)"
4671.31864617762,"(1.14202234915968e+02dB,9.00245126347452e+01°)"
4678.42519422158,"(1.14189029468537e+02dB,9.00244759902836e+01°)"
4685.54255356508,"(1.14175824023874e+02dB,9.00244394002331e+01°)"
4692.6707406555,"(1.14162618572268e+02dB,9.00244028582931e+01°)"
4699.80977196527,"(1.14149413111320e+02dB,9.00243663826505e+01°)"
4706.95966399186,"(1.14136207647682e+02dB,9.00243299607244e+01°)"
4714.12043325784,"(1.14123002183941e+02dB,9.00242935996868e+01°)"
4721.29209631092,"(1.14109796708652e+02dB,9.00242572879924e+01°)"
4728.47466972399,"(1.14096591236417e+02dB,9.00242210283091e+01°)"
4735.66817009514,"(1.14083385751334e+02dB,9.00241848277519e+01°)"
4742.87261404773,"(1.14070180270756e+02dB,9.00241486986752e+01°)"
4750.08801823038,"(1.14056974778081e+02dB,9.00241126026080e+01°)"
4757.31439931706,"(1.14043769281027e+02dB,9.00240765714887e+01°)"
4764.55177400711,"(1.14030563785653e+02dB,9.00240406039488e+01°)"
4771.80015902525,"(1.14017358280456e+02dB,9.00240046783836e+01°)"
4779.05957112167,"(1.14004152769968e+02dB,9.00239688164445e+01°)"
4786.33002707203,"(1.13990947255329e+02dB,9.00239330104116e+01°)"
4793.61154367752,"(1.13977741732355e+02dB,9.00238972527894e+01°)"
4800.90413776487,"(1.13964536210828e+02dB,9.00238615583000e+01°)"
4808.20782618642,"(1.13951330684082e+02dB,9.00238259052662e+01°)"
4815.52262582016,"(1.13938125147648e+02dB,9.00237903326601e+01°)"
4822.84855356975,"(1.13924919605847e+02dB,9.00237547948361e+01°)"
4830.18562636454,"(1.13911714064577e+02dB,9.00237193138687e+01°)"
4837.53386115968,"(1.13898508518496e+02dB,9.00236838911531e+01°)"
4844.89327493608,"(1.13885302964154e+02dB,9.00236485222490e+01°)"
4852.26388470049,"(1.13872097409944e+02dB,9.00236132116043e+01°)"
4859.64570748555,"(1.13858891844976e+02dB,9.00235779498306e+01°)"
4867.03876034978,"(1.13845686278212e+02dB,9.00235427470558e+01°)"
4874.44306037769,"(1.13832480699367e+02dB,9.00235075959828e+01°)"
4881.85862467975,"(1.13819275121618e+02dB,9.00234725056700e+01°)"
4889.28547039247,"(1.13806069542957e+02dB,9.00234374570315e+01°)"
4896.72361467844,"(1.13792863950656e+02dB,9.00234024700326e+01°)"
4904.17307472634,"(1.13779658357953e+02dB,9.00233675412108e+01°)"
4911.63386775102,"(1.13766452762519e+02dB,9.00233326586701e+01°)"
4919.1060109935,"(1.13753247158490e+02dB,9.00232978273746e+01°)"
4926.58952172105,"(1.13740041547249e+02dB,9.00232630666524e+01°)"
4934.08441722719,"(1.13726835933363e+02dB,9.00232283428216e+01°)"
4941.59071483176,"(1.13713630315577e+02dB,9.00231936776106e+01°)"
4949.10843188095,"(1.13700424689684e+02dB,9.00231590692003e+01°)"
4956.63758574732,"(1.13687219063710e+02dB,9.00231245101721e+01°)"
4964.17819382989,"(1.13674013427919e+02dB,9.00230900125004e+01°)"
4971.73027355413,"(1.13660807790908e+02dB,9.00230555525964e+01°)"
4979.29384237202,"(1.13647602144845e+02dB,9.00230211608978e+01°)"
4986.86891776208,"(1.13634396494952e+02dB,9.00229868178737e+01°)"
4994.45551722946,"(1.13621190834444e+02dB,9.00229525271413e+01°)"
5002.05365830589,"(1.13607985180263e+02dB,9.00229182876358e+01°)"
5009.6633585498,"(1.13594779510956e+02dB,9.00228840997700e+01°)"
5017.28463554634,"(1.13581573843602e+02dB,9.00228499744200e+01°)"
5024.91750690739,"(1.13568368163337e+02dB,9.00228158880649e+01°)"
5032.56199027164,"(1.13555162486058e+02dB,9.00227818679335e+01°)"
5040.21810330459,"(1.13541956798387e+02dB,9.00227478902918e+01°)"
5047.88586369865,"(1.13528751102380e+02dB,9.00227139674589e+01°)"
5055.56528917312,"(1.13515545411004e+02dB,9.00226801037172e+01°)"
5063.25639747426,"(1.13502339704959e+02dB,9.00226462849805e+01°)"
5070.95920637534,"(1.13489133996696e+02dB,9.00226125249868e+01°)"
5078.67373367665,"(1.13475928281728e+02dB,9.00225788099791e+01°)"
5086.39999720559,"(1.13462722563158e+02dB,9.00225451508868e+01°)"
5094.13801481664,"(1.13449516836216e+02dB,9.00225115405891e+01°)"
5101.88780439147,"(1.13436311104320e+02dB,9.00224779905192e+01°)"
5109.64938383895,"(1.13423105371830e+02dB,9.00224444842061e+01°)"
5117.4227710952,"(1.13409899632278e+02dB,9.00224110382988e+01°)"
5125.2079841236,"(1.13396693884926e+02dB,9.00223776371888e+01°)"
5133.0050409149,"(1.13383488133400e+02dB,9.00223442877500e+01°)"
5140.81395948717,"(1.13370282372329e+02dB,9.00223109894412e+01°)"
5148.63475788594,"(1.13357076610804e+02dB,9.00222777435279e+01°)"
5156.46745418417,"(1.13343870846900e+02dB,9.00222445514494e+01°)"
5164.3120664823,"(1.13330665068105e+02dB,9.00222114073456e+01°)"
5172.16861290833,"(1.13317459289150e+02dB,9.00221783206489e+01°)"
5180.03711161782,"(1.13304253503723e+02dB,9.00221452804193e+01°)"
5187.91758079398,"(1.13291047709036e+02dB,9.00221122920863e+01°)"
5195.81003864766,"(1.13277841915570e+02dB,9.00220793588811e+01°)"
5203.7145034174,"(1.13264636109072e+02dB,9.00220464694086e+01°)"
5211.63099336951,"(1.13251430304006e+02dB,9.00220136322418e+01°)"
5219.5595267981,"(1.13238224490062e+02dB,9.00219808520518e+01°)"
5227.50012202507,"(1.13225018669855e+02dB,9.00219481156754e+01°)"
5235.45279740023,"(1.13211812842575e+02dB,9.00219154321459e+01°)"
5243.4175713013,"(1.13198607016240e+02dB,9.00218828022837e+01°)"
5251.39446213393,"(1.13185401177354e+02dB,9.00218502204412e+01°)"
5259.38348833181,"(1.13172195335623e+02dB,9.00218176898317e+01°)"
5267.38466835665,"(1.13158989485533e+02dB,9.00217852099604e+01°)"
5275.39802069825,"(1.13145783628215e+02dB,9.00217527779272e+01°)"
5283.42356387454,"(1.13132577772174e+02dB,9.00217204023985e+01°)"
5291.46131643163,"(1.13119371901152e+02dB,9.00216880686516e+01°)"
5299.51129694383,"(1.13106166034374e+02dB,9.00216557900532e+01°)"
5307.57352401371,"(1.13092960152268e+02dB,9.00216235568869e+01°)"
5315.64801627215,"(1.13079754266407e+02dB,9.00215913815712e+01°)"
5323.73479237836,"(1.13066548376951e+02dB,9.00215592521243e+01°)"
5331.83387101996,"(1.13053342479412e+02dB,9.00215271740117e+01°)"
5339.94527091297,"(1.13040136578303e+02dB,9.00214951392627e+01°)"
5348.06901080191,"(1.13026930675273e+02dB,9.00214631608232e+01°)"
5356.20510945978,"(1.13013724761456e+02dB,9.00214312289409e+01°)"
5364.35358568819,"(1.13000518841603e+02dB,9.00213993512072e+01°)"
5372.51445831731,"(1.12987312915195e+02dB,9.00213675145749e+01°)"
5380.68774620598,"(1.12974106981738e+02dB,9.00213357352230e+01°)"
5388.87346824172,"(1.12960901042421e+02dB,9.00213039970416e+01°)"
5397.07164334079,"(1.12947695099887e+02dB,9.00212723155207e+01°)"
5405.28229044821,"(1.12934489148360e+02dB,9.00212406789648e+01°)"
5413.50542853786,"(1.12921283192389e+02dB,9.00212090990729e+01°)"
5421.74107661244,"(1.12908077226339e+02dB,9.00211775596457e+01°)"
5429.98925370359,"(1.12894871258099e+02dB,9.00211460690060e+01°)"
5438.2499788719,"(1.12881665284096e+02dB,9.00211146338552e+01°)"
5446.52327120693,"(1.12868459301835e+02dB,9.00210832432264e+01°)"
5454.80914982732,"(1.12855253315222e+02dB,9.00210518981694e+01°)"
5463.10763388077,"(1.12842047318349e+02dB,9.00210206087108e+01°)"
5471.41874254412,"(1.12828841321137e+02dB,9.00209893654335e+01°)"
5479.74249502338,"(1.12815635312896e+02dB,9.00209581686127e+01°)"
5488.07891055378,"(1.12802429302377e+02dB,9.00209270217427e+01°)"
5496.42800839981,"(1.12789223283304e+02dB,9.00208959254366e+01°)"
5504.78980785526,"(1.12776017256908e+02dB,9.00208648740418e+01°)"
5513.1643282433,"(1.12762811225256e+02dB,9.00208338725666e+01°)"
5521.55158891647,"(1.12749605185792e+02dB,9.00208029142641e+01°)"
5529.95160925675,"(1.12736399140166e+02dB,9.00207720113187e+01°)"
5538.36440867564,"(1.12723193088771e+02dB,9.00207411499772e+01°)"
5546.79000661412,"(1.12709987033732e+02dB,9.00207103409125e+01°)"
5555.22842254278,"(1.12696780968912e+02dB,9.00206795752117e+01°)"
5563.67967596183,"(1.12683574898299e+02dB,9.00206488621697e+01°)"
5572.14378640114,"(1.12670368821858e+02dB,9.00206181958048e+01°)"
5580.62077342028,"(1.12657162737334e+02dB,9.00205875757149e+01°)"
5589.1106566086,"(1.12643956651196e+02dB,9.00205570067130e+01°)"
5597.61345558522,"(1.12630750553694e+02dB,9.00205264803651e+01°)"
5606.12918999915,"(1.12617544449752e+02dB,9.00204960057439e+01°)"
5614.65787952924,"(1.12604338338652e+02dB,9.00204655747785e+01°)"
5623.19954388432,"(1.12591132221927e+02dB,9.00204351953284e+01°)"
5631.75420280319,"(1.12577926096760e+02dB,9.00204048585020e+01°)"
5640.32187605468,"(1.12564719965661e+02dB,9.00203745715134e+01°)"
5648.90258343767,"(1.12551513829646e+02dB,9.00203443295216e+01°)"
5657.49634478121,"(1.12538307689487e+02dB,9.00203141370380e+01°)"
5666.10317994447,"(1.12525101539438e+02dB,9.00202839906423e+01°)"
5674.72310881686,"(1.12511895381967e+02dB,9.00202538929788e+01°)"
5683.35615131804,"(1.12498689218384e+02dB,9.00202238378212e+01°)"
5692.00232739797,"(1.12485483048783e+02dB,9.00201938321576e+01°)"
5700.66165703696,"(1.12472276867385e+02dB,9.00201638734830e+01°)"
5709.33416024571,"(1.12459070683357e+02dB,9.00201339559024e+01°)"
5718.01985706539,"(1.12445864496770e+02dB,9.00201040890027e+01°)"
5726.71876756764,"(1.12432658295585e+02dB,9.00200742767711e+01°)"
5735.43091185462,"(1.12419452091961e+02dB,9.00200445005155e+01°)"
5744.15631005911,"(1.12406245880616e+02dB,9.00200147718823e+01°)"
5752.89498234447,"(1.12393039661793e+02dB,9.00199850929331e+01°)"
5761.64694890478,"(1.12379833436767e+02dB,9.00199554576113e+01°)"
5770.41222996482,"(1.12366627200486e+02dB,9.00199258671738e+01°)"
5779.19084578014,"(1.12353420966965e+02dB,9.00198963226417e+01°)"
5787.9828166371,"(1.12340214719600e+02dB,9.00198668271763e+01°)"
5796.78816285293,"(1.12327008464255e+02dB,9.00198373773420e+01°)"
5805.60690477577,"(1.12313802202855e+02dB,9.00198079703898e+01°)"
5814.43906278471,"(1.12300595933386e+02dB,9.00197786117415e+01°)"
5823.28465728984,"(1.12287389661457e+02dB,9.00197492995484e+01°)"
5832.14370873232,"(1.12274183377406e+02dB,9.00197200297535e+01°)"
5841.01623758439,"(1.12260977089584e+02dB,9.00196908112541e+01°)"
5849.90226434943,"(1.12247770795121e+02dB,9.00196616339221e+01°)"
5858.80180956202,"(1.12234564490983e+02dB,9.00196325031211e+01°)"
5867.71489378799,"(1.12221358179454e+02dB,9.00196034138141e+01°)"
5876.64153762443,"(1.12208151856572e+02dB,9.00195743785882e+01°)"
5885.5817616998,"(1.12194945535571e+02dB,9.00195453810814e+01°)"
5894.53558667391,"(1.12181739202647e+02dB,9.00195164288119e+01°)"
5903.50303323803,"(1.12168532863289e+02dB,9.00194875256632e+01°)"
5912.48412211487,"(1.12155326517354e+02dB,9.00194586633199e+01°)"
5921.47887405871,"(1.12142120159075e+02dB,9.00194298494527e+01°)"
5930.48730985536,"(1.12128913799431e+02dB,9.00194010780018e+01°)"
5939.50945032229,"(1.12115707427612e+02dB,9.00193723525256e+01°)"
5948.54531630862,"(1.12102501055135e+02dB,9.00193436744330e+01°)"
5957.59492869518,"(1.12089294667103e+02dB,9.00193150375720e+01°)"
5966.65830839459,"(1.12076088276918e+02dB,9.00192864467159e+01°)"
5975.73547635127,"(1.12062881875258e+02dB,9.00192579008999e+01°)"
5984.8264535415,"(1.12049675469539e+02dB,9.00192293969833e+01°)"
5993.93126097348,"(1.12036469054928e+02dB,9.00192009385504e+01°)"
6003.04991968737,"(1.12023262633352e+02dB,9.00191725310821e+01°)"
6012.18245075533,"(1.12010056204023e+02dB,9.00191441566427e+01°)"
6021.32887528159,"(1.11996849765351e+02dB,9.00191158345256e+01°)"
6030.48921440247,"(1.11983643321310e+02dB,9.00190875541415e+01°)"
6039.66348928646,"(1.11970436871704e+02dB,9.00190593190742e+01°)"
6048.85172113425,"(1.11957230409076e+02dB,9.00190311228652e+01°)"
6058.05393117878,"(1.11944023944316e+02dB,9.00190029753644e+01°)"
6067.27014068529,"(1.11930817466447e+02dB,9.00189748721902e+01°)"
6076.50037095137,"(1.11917610985562e+02dB,9.00189468135725e+01°)"
6085.74464330703,"(1.11904404493834e+02dB,9.00189187924479e+01°)"
6095.0029791147,"(1.11891197993197e+02dB,9.00188908201767e+01°)"
6104.27539976933,"(1.11877991487886e+02dB,9.00188628894778e+01°)"
6113.56192669841,"(1.11864784972364e+02dB,9.00188350029014e+01°)"
6122.86258136203,"(1.11851578451856e+02dB,9.00188071629863e+01°)"
6132.17738525292,"(1.11838371921156e+02dB,9.00187793620252e+01°)"
6141.50635989653,"(1.11825165382836e+02dB,9.00187516092218e+01°)"
6150.84952685103,"(1.11811958838348e+02dB,9.00187238908459e+01°)"
6160.2069077074,"(1.11798752284165e+02dB,9.00186962220042e+01°)"
6169.57852408947,"(1.11785545720644e+02dB,9.00186685977896e+01°)"
6178.96439765395,"(1.11772339153101e+02dB,9.00186410144936e+01°)"
6188.36455009052,"(1.11759132572596e+02dB,9.00186134770970e+01°)"
6197.77900312185,"(1.11745925985708e+02dB,9.00185859821490e+01°)"
6207.20777850363,"(1.11732719393988e+02dB,9.00185585259089e+01°)"
6216.65089802469,"(1.11719512791460e+02dB,9.00185311185516e+01°)"
6226.10838350697,"(1.11706306182566e+02dB,9.00185037487043e+01°)"
6235.58025680564,"(1.11693099561209e+02dB,9.00184764225041e+01°)"
6245.0665398091,"(1.11679892933100e+02dB,9.00184491409325e+01°)"
6254.56725443905,"(1.11666686300638e+02dB,9.00184219023645e+01°)"
6264.08242265054,"(1.11653479657515e+02dB,9.00183947057383e+01°)"
6273.61206643203,"(1.11640273003944e+02dB,9.00183675531920e+01°)"
6283.15620780543,"(1.11627066345019e+02dB,9.00183404369075e+01°)"
6292.71486882613,"(1.11613859677286e+02dB,9.00183133695044e+01°)"
6302.2880715831,"(1.11600653002334e+02dB,9.00182863395942e+01°)"
6311.8758381989,"(1.11587446318831e+02dB,9.00182593555999e+01°)"
6321.47819082975,"(1.11574239621579e+02dB,9.00182324117103e+01°)"
6331.09515166559,"(1.11561032919892e+02dB,9.00182055110020e+01°)"
6340.72674293009,"(1.11547826211409e+02dB,9.00181786524896e+01°)"
6350.37298688074,"(1.11534619493267e+02dB,9.00181518345058e+01°)"
6360.03390580891,"(1.11521412766626e+02dB,9.00181250631947e+01°)"
6369.70952203985,"(1.11508206029536e+02dB,9.00180983287393e+01°)"
6379.3998579328,"(1.11494999285883e+02dB,9.00180716347819e+01°)"
6389.104935881,"(1.11481792535167e+02dB,9.00180449858441e+01°)"
6398.82477831177,"(1.11468585775186e+02dB,9.00180183788879e+01°)"
6408.55940768654,"(1.11455379004014e+02dB,9.00179918126133e+01°)"
6418.3088465009,"(1.11442172227828e+02dB,9.00179652875558e+01°)"
6428.07311728469,"(1.11428965439155e+02dB,9.00179388061739e+01°)"
6437.85224260201,"(1.11415758642887e+02dB,9.00179123639827e+01°)"
6447.64624505128,"(1.11402551839748e+02dB,9.00178859681359e+01°)"
6457.45514726531,"(1.11389345025411e+02dB,9.00178596019149e+01°)"
6467.27897191134,"(1.11376138207016e+02dB,9.00178332857177e+01°)"
6477.11774169109,"(1.11362931372282e+02dB,9.00178070110398e+01°)"
6486.97147934082,"(1.11349724535224e+02dB,9.00177807761499e+01°)"
6496.84020763138,"(1.11336517685738e+02dB,9.00177545791288e+01°)"
6506.72394936826,"(1.11323310827727e+02dB,9.00177284273507e+01°)"
6516.62272739163,"(1.11310103961458e+02dB,9.00177023151400e+01°)"
6526.53656457645,"(1.11296897087667e+02dB,9.00176762437944e+01°)"
6536.46548383243,"(1.11283690202490e+02dB,9.00176502131444e+01°)"
6546.40950810415,"(1.11270483307508e+02dB,9.00176242237689e+01°)"
6556.36866037112,"(1.11257276408468e+02dB,9.00175982746196e+01°)"
6566.34296364777,"(1.11244069498609e+02dB,9.00175723660078e+01°)"
6576.33244098357,"(1.11230862575288e+02dB,9.00175465039256e+01°)"
6586.33711546305,"(1.11217655646395e+02dB,9.00175206718617e+01°)"
6596.35701020585,"(1.11204448707681e+02dB,9.00174948888547e+01°)"
6606.39214836679,"(1.11191241760870e+02dB,9.00174691403542e+01°)"
6616.44255313591,"(1.11178034805340e+02dB,9.00174434349695e+01°)"
6626.50824773853,"(1.11164827836941e+02dB,9.00174177723408e+01°)"
6636.58925543532,"(1.11151620864193e+02dB,9.00173921447346e+01°)"
6646.68559952231,"(1.11138413876604e+02dB,9.00173665615636e+01°)"
6656.797303331,"(1.11125206883133e+02dB,9.00173410135119e+01°)"
6666.92439022834,"(1.11111999880274e+02dB,9.00173155087314e+01°)"
6677.06688361688,"(1.11098792868270e+02dB,9.00172900468306e+01°)"
6687.22480693475,"(1.11085585846084e+02dB,9.00172646215836e+01°)"
6697.39818365572,"(1.11072378815195e+02dB,9.00172392343783e+01°)"
6707.58703728929,"(1.11059171776349e+02dB,9.00172138903048e+01°)"
6717.79139138074,"(1.11045964725099e+02dB,9.00171885850035e+01°)"
6728.01126951113,"(1.11032757664042e+02dB,9.00171633201464e+01°)"
6738.24669529743,"(1.11019550595539e+02dB,9.00171380953056e+01°)"
6748.49769239252,"(1.11006343515536e+02dB,9.00171129063362e+01°)"
6758.76428448527,"(1.10993136427801e+02dB,9.00170877633248e+01°)"
6769.04649530058,"(1.10979929332900e+02dB,9.00170626528717e+01°)"
6779.34434859946,"(1.10966722224821e+02dB,9.00170375835138e+01°)"
6789.65786817906,"(1.10953515105421e+02dB,9.00170125594327e+01°)"
6799.98707787272,"(1.10940307980410e+02dB,9.00169875700967e+01°)"
6810.33200155006,"(1.10927100841707e+02dB,9.00169626193630e+01°)"
6820.69266311699,"(1.10913893693450e+02dB,9.00169377071956e+01°)"
6831.06908651581,"(1.10900686539818e+02dB,9.00169128363394e+01°)"
6841.46129572523,"(1.10887479372499e+02dB,9.00168880042372e+01°)"
6851.86931476045,"(1.10874272195906e+02dB,9.00168632102595e+01°)"
6862.29316767319,"(1.10861065012706e+02dB,9.00168384558073e+01°)"
6872.73287855177,"(1.10847857814977e+02dB,9.00168137418702e+01°)"
6883.18847152116,"(1.10834650611893e+02dB,9.00167890648603e+01°)"
6893.65997074302,"(1.10821443394264e+02dB,9.00167644258082e+01°)"
6904.14740041578,"(1.10808236168646e+02dB,9.00167398269960e+01°)"
6914.65078477467,"(1.10795028933340e+02dB,9.00167152680284e+01°)"
6925.1701480918,"(1.10781821688095e+02dB,9.00166907443974e+01°)"
6935.7055146762,"(1.10768614431021e+02dB,9.00166662613499e+01°)"
6946.25690887389,"(1.10755407167249e+02dB,9.00166418149223e+01°)"
6956.82435506791,"(1.10742199889624e+02dB,9.00166174135674e+01°)"
6967.40787767842,"(1.10728992603578e+02dB,9.00165930426408e+01°)"
6978.0075011627,"(1.10715785307347e+02dB,9.00165687142969e+01°)"
6988.62325001527,"(1.10702578000190e+02dB,9.00165444215397e+01°)"
6999.25514876789,"(1.10689370684391e+02dB,9.00165201679774e+01°)"
7009.90322198965,"(1.10676163354848e+02dB,9.00164959544334e+01°)"
7020.56749428702,"(1.10662956018517e+02dB,9.00164717776695e+01°)"
7031.24799030389,"(1.10649748670304e+02dB,9.00164476403286e+01°)"
7041.94473472165,"(1.10636541310777e+02dB,9.00164235383593e+01°)"
7052.65775225926,"(1.10623333942644e+02dB,9.00163994768246e+01°)"
7063.38706767324,"(1.10610126561265e+02dB,9.00163754491006e+01°)"
7074.13270575781,"(1.10596919172360e+02dB,9.00163514626929e+01°)"
7084.89469134489,"(1.10583711772461e+02dB,9.00163275120777e+01°)"
7095.67304930419,"(1.10570504364057e+02dB,9.00163036024165e+01°)"
7106.46780454325,"(1.10557296940711e+02dB,9.00162797259722e+01°)"
7117.27898200749,"(1.10544089507612e+02dB,9.00162558923496e+01°)"
7128.10660668031,"(1.10530882065682e+02dB,9.00162320941221e+01°)"
7138.95070358307,"(1.10517674614395e+02dB,9.00162083341261e+01°)"
7149.81129777525,"(1.10504467149634e+02dB,9.00161846106658e+01°)"
7160.68841435442,"(1.10491259673562e+02dB,9.00161609251007e+01°)"
7171.58207845633,"(1.10478052185977e+02dB,9.00161372758088e+01°)"
7182.49231525498,"(1.10464844690428e+02dB,9.00161136637195e+01°)"
7193.41914996268,"(1.10451637181373e+02dB,9.00160900877078e+01°)"
7204.36260783006,"(1.10438429664063e+02dB,9.00160665525111e+01°)"
7215.3227141462,"(1.10425222137203e+02dB,9.00160430507476e+01°)"
7226.29949423864,"(1.10412014593604e+02dB,9.00160195901215e+01°)"
7237.29297347343,"(1.10398807044342e+02dB,9.00159961627532e+01°)"
7248.30317725525,"(1.10385599479780e+02dB,9.00159727755527e+01°)"
7259.3301310274,"(1.10372391909151e+02dB,9.00159494223094e+01°)"
7270.37386027189,"(1.10359184324831e+02dB,9.00159261094745e+01°)"
7281.43439050951,"(1.10345976729183e+02dB,9.00159028299283e+01°)"
7292.51174729985,"(1.10332769122761e+02dB,9.00158795875299e+01°)"
7303.60595624142,"(1.10319561506145e+02dB,9.00158563825698e+01°)"
7314.71704297165,"(1.10306353876288e+02dB,9.00158332150436e+01°)"
7325.84503316697,"(1.10293146234860e+02dB,9.00158100820348e+01°)"
7336.98995254288,"(1.10279938583368e+02dB,9.00157869866971e+01°)"
7348.15182685399,"(1.10266730921866e+02dB,9.00157639293331e+01°)"
7359.33068189412,"(1.10253523245517e+02dB,9.00157409066345e+01°)"
7370.5265434963,"(1.10240315560157e+02dB,9.00157179200886e+01°)"
7381.73943753288,"(1.10227107863722e+02dB,9.00156949707645e+01°)"
7392.96938991554,"(1.10213900155841e+02dB,9.00156720594135e+01°)"
7404.21642659543,"(1.10200692433988e+02dB,9.00156491796697e+01°)"
7415.48057356312,"(1.10187484702723e+02dB,9.00156263395098e+01°)"
7426.76185684878,"(1.10174276960020e+02dB,9.00156035375885e+01°)"
7438.06030252214,"(1.10161069206671e+02dB,9.00155807671656e+01°)"
7449.37593669259,"(1.10147861437896e+02dB,9.00155580347086e+01°)"
7460.70878550926,"(1.10134653657884e+02dB,9.00155353369515e+01°)"
7472.05887516106,"(1.10121445870946e+02dB,9.00155126767051e+01°)"
7483.42623187673,"(1.10108238069356e+02dB,9.00154900520916e+01°)"
7494.81088192491,"(1.10095030256697e+02dB,9.00154674644868e+01°)"
7506.21285161422,"(1.10081822430081e+02dB,9.00154449100636e+01°)"
7517.63216729328,"(1.10068614592945e+02dB,9.00154223913508e+01°)"
7529.06885535083,"(1.10055406745935e+02dB,9.00153999101835e+01°)"
7540.52294221571,"(1.10042198882321e+02dB,9.00153774635457e+01°)"
7551.99445435699,"(1.10028991009587e+02dB,9.00153550528662e+01°)"
7563.48341828403,"(1.10015783125402e+02dB,9.00153326762493e+01°)"
7574.98986054648,"(1.10002575229269e+02dB,9.00153103366222e+01°)"
7586.5138077344,"(1.09989367320887e+02dB,9.00152880328069e+01°)"
7598.0552864783,"(1.09976159399077e+02dB,9.00152657634088e+01°)"
7609.61432344921,"(1.09962951465998e+02dB,9.00152435293070e+01°)"
7621.19094535871,"(1.09949743520077e+02dB,9.00152213302302e+01°)"
7632.78517895905,"(1.09936535560883e+02dB,9.00151991654453e+01°)"
7644.39705104316,"(1.09923327593169e+02dB,9.00151770384555e+01°)"
7656.02658844473,"(1.09910119608164e+02dB,9.00151549434815e+01°)"
7667.67381803827,"(1.09896911614978e+02dB,9.00151328858329e+01°)"
7679.33876673919,"(1.09883703608030e+02dB,9.00151108630225e+01°)"
7691.02146150384,"(1.09870495587324e+02dB,9.00150888740458e+01°)"
7702.72192932957,"(1.09857287558704e+02dB,9.00150669206249e+01°)"
7714.4401972548,"(1.09844079513676e+02dB,9.00150450019320e+01°)"
7726.17629235911,"(1.09830871457987e+02dB,9.00150231190939e+01°)"
7737.93024176325,"(1.09817663387212e+02dB,9.00150012683008e+01°)"
7749.70207262923,"(1.09804455305525e+02dB,9.00149794540303e+01°)"
7761.49181216041,"(1.09791247211527e+02dB,9.00149576744397e+01°)"
7773.29948760149,"(1.09778039103423e+02dB,9.00149359288567e+01°)"
7785.12512623865,"(1.09764830984301e+02dB,9.00149142173288e+01°)"
7796.96875539959,"(1.09751622850051e+02dB,9.00148925418021e+01°)"
7808.83040245354,"(1.09738414703907e+02dB,9.00148708998636e+01°)"
7820.71009481142,"(1.09725206546809e+02dB,9.00148492921824e+01°)"
7832.6078599258,"(1.09711998374137e+02dB,9.00148277178677e+01°)"
7844.52372529106,"(1.09698790190200e+02dB,9.00148061785361e+01°)"
7856.45771844338,"(1.09685581992297e+02dB,9.00147846748537e+01°)"
7868.40986696084,"(1.09672373785464e+02dB,9.00147632031963e+01°)"
7880.38019846346,"(1.09659165559800e+02dB,9.00147417668131e+01°)"
7892.36874061331,"(1.09645957325398e+02dB,9.00147203645009e+01°)"
7904.37552111452,"(1.09632749075827e+02dB,9.00146989965647e+01°)"
7916.40056771336,"(1.09619540814612e+02dB,9.00146776597302e+01°)"
7928.44390819833,"(1.09606332538985e+02dB,9.00146563600046e+01°)"
7940.5055704002,"(1.09593124249465e+02dB,9.00146350939806e+01°)"
7952.58558219206,"(1.09579915947943e+02dB,9.00146138610385e+01°)"
7964.68397148944,"(1.09566707632722e+02dB,9.00145926615219e+01°)"
7976.80076625032,"(1.09553499303660e+02dB,9.00145714956389e+01°)"
7988.93599447519,"(1.09540290960620e+02dB,9.00145503648278e+01°)"
8001.08968420718,"(1.09527082603753e+02dB,9.00145292644134e+01°)"
8013.26186353204,"(1.09513874236873e+02dB,9.00145082032544e+01°)"
8025.45256057829,"(1.09500665851726e+02dB,9.00144871719105e+01°)"
8037.66180351721,"(1.09487457457174e+02dB,9.00144661729467e+01°)"
8049.88962056295,"(1.09474249048151e+02dB,9.00144452096742e+01°)"
8062.13603997259,"(1.09461040624212e+02dB,9.00144242775917e+01°)"
8074.40109004617,"(1.09447832187245e+02dB,9.00144033809344e+01°)"
8086.68479912681,"(1.09434623736685e+02dB,9.00143825171283e+01°)"
8098.98719560075,"(1.09421415271445e+02dB,9.00143616862020e+01°)"
8111.3083078974,"(1.09408206794928e+02dB,9.00143408881230e+01°)"
8123.64816448942,"(1.09394998301047e+02dB,9.00143201245448e+01°)"
8136.0067938928,"(1.09381789795117e+02dB,9.00142993914764e+01°)"
8148.38422466689,"(1.09368581275299e+02dB,9.00142786946633e+01°)"
8160.78048541452,"(1.09355372741769e+02dB,9.00142580281385e+01°)"
8173.19560478199,"(1.09342164191717e+02dB,9.00142373958735e+01°)"
8185.62961145924,"(1.09328955629557e+02dB,9.00142167963162e+01°)"
8198.08253417979,"(1.09315747055754e+02dB,9.00141962304585e+01°)"
8210.55440172091,"(1.09302538463947e+02dB,9.00141756965036e+01°)"
8223.04524290366,"(1.09289329861961e+02dB,9.00141551942975e+01°)"
8235.55508659291,"(1.09276121242041e+02dB,9.00141347264655e+01°)"
8248.08396169747,"(1.09262912608411e+02dB,9.00141142914131e+01°)"
8260.63189717013,"(1.09249703962138e+02dB,9.00140938879126e+01°)"
8273.1989220077,"(1.09236495298688e+02dB,9.00140735179403e+01°)"
8285.78506525113,"(1.09223286624720e+02dB,9.00140531805492e+01°)"
8298.39035598554,"(1.09210077934551e+02dB,9.00140328730520e+01°)"
8311.01482334031,"(1.09196869228856e+02dB,9.00140125999287e+01°)"
8323.6584964891,"(1.09183660509780e+02dB,9.00139923593935e+01°)"
8336.32140465,"(1.09170451773625e+02dB,9.00139721519712e+01°)"
8349.00357708552,"(1.09157243025124e+02dB,9.00139519759061e+01°)"
8361.70504310268,"(1.09144034263696e+02dB,9.00139318317123e+01°)"
8374.42583205312,"(1.09130825484508e+02dB,9.00139117197272e+01°)"
8387.16597333309,"(1.09117616689778e+02dB,9.00138916413870e+01°)"
8399.9254963836,"(1.09104407884805e+02dB,9.00138715939355e+01°)"
8412.70443069043,"(1.09091199058866e+02dB,9.00138515766045e+01°)"
8425.50280578421,"(1.09077990223712e+02dB,9.00138315953890e+01°)"
8438.32065124051,"(1.09064781371046e+02dB,9.00138116423135e+01°)"
8451.15799667989,"(1.09051572504210e+02dB,9.00137917235358e+01°)"
8464.01487176797,"(1.09038363620918e+02dB,9.00137718355518e+01°)"
8476.8913062155,"(1.09025154723847e+02dB,9.00137519793345e+01°)"
8489.78732977843,"(1.09011945812519e+02dB,9.00137321568263e+01°)"
8502.70297225798,"(1.08998736884061e+02dB,9.00137123635265e+01°)"
8515.63826350071,"(1.08985527941791e+02dB,9.00136926019465e+01°)"
8528.59323339858,"(1.08972318981645e+02dB,9.00136728733395e+01°)"
8541.56791188902,"(1.08959110009642e+02dB,9.00136531770124e+01°)"
8554.56232895502,"(1.08945901021035e+02dB,9.00136335102867e+01°)"
8567.57651462517,"(1.08932692017209e+02dB,9.00136138766164e+01°)"
8580.61049897375,"(1.08919482996167e+02dB,9.00135942741638e+01°)"
8593.66431212079,"(1.08906273960942e+02dB,9.00135747023414e+01°)"
8606.73798423214,"(1.08893064909522e+02dB,9.00135551622645e+01°)"
8619.83154551955,"(1.08879855843482e+02dB,9.00135356534390e+01°)"
8632.94502624072,"(1.08866646762111e+02dB,9.00135161768619e+01°)"
8646.07845669939,"(1.08853437664446e+02dB,9.00134967294027e+01°)"
8659.2318672454,"(1.08840228550690e+02dB,9.00134773152254e+01°)"
8672.40528827476,"(1.08827019421116e+02dB,9.00134579309467e+01°)"
8685.59875022972,"(1.08813810275435e+02dB,9.00134385783981e+01°)"
8698.81228359885,"(1.08800601114853e+02dB,9.00134192572390e+01°)"
8712.04591891709,"(1.08787391938473e+02dB,9.00133999671827e+01°)"
8725.29968676584,"(1.08774182745103e+02dB,9.00133807072264e+01°)"
8738.57361777304,"(1.08760973536980e+02dB,9.00133614788222e+01°)"
8751.86774261318,"(1.08747764312381e+02dB,9.00133422805976e+01°)"
8765.18209200748,"(1.08734555071246e+02dB,9.00133231140525e+01°)"
8778.51669672384,"(1.08721345814769e+02dB,9.00133039783874e+01°)"
8791.87158757699,"(1.08708136539667e+02dB,9.00132848716441e+01°)"
8805.24679542854,"(1.08694927249940e+02dB,9.00132657976933e+01°)"
8818.64235118706,"(1.08681717944674e+02dB,9.00132467542202e+01°)"
8832.05828580811,"(1.08668508620971e+02dB,9.00132277395974e+01°)"
8845.49463029438,"(1.08655299282827e+02dB,9.00132087573077e+01°)"
8858.9514156957,"(1.08642089927718e+02dB,9.00131898050334e+01°)"
8872.42867310915,"(1.08628880556361e+02dB,9.00131708825755e+01°)"
8885.9264336791,"(1.08615671168505e+02dB,9.00131519905048e+01°)"
8899.44472859733,"(1.08602461761935e+02dB,9.00131331298665e+01°)"
8912.98358910305,"(1.08589252342486e+02dB,9.00131142997959e+01°)"
8926.543046483,"(1.08576042902669e+02dB,9.00130954994962e+01°)"
8940.12313207152,"(1.08562833447127e+02dB,9.00130767279230e+01°)"
8953.72387725062,"(1.08549623975948e+02dB,9.00130579895260e+01°)"
8967.34531345003,"(1.08536414486048e+02dB,9.00130392788086e+01°)"
8980.98747214734,"(1.08523204981736e+02dB,9.00130206003263e+01°)"
8994.65038486798,"(1.08509995459084e+02dB,9.00130019506821e+01°)"
9008.33408318537,"(1.08496785918596e+02dB,9.00129833306624e+01°)"
9022.03859872096,"(1.08483576361194e+02dB,9.00129647411494e+01°)"
9035.7639631443,"(1.08470366787206e+02dB,9.00129461818228e+01°)"
9049.5102081731,"(1.08457157196434e+02dB,9.00129276524286e+01°)"
9063.27736557337,"(1.08443947587387e+02dB,9.00129091525155e+01°)"
9077.06546715939,"(1.08430737962234e+02dB,9.00128906827703e+01°)"
9090.87454479389,"(1.08417528319285e+02dB,9.00128722431070e+01°)"
9104.70463038805,"(1.08404318658719e+02dB,9.00128538319237e+01°)"
9118.55575590159,"(1.08391108981126e+02dB,9.00128354515891e+01°)"
9132.42795334286,"(1.08377899285741e+02dB,9.00128171010989e+01°)"
9146.32125476891,"(1.08364689571760e+02dB,9.00127987795189e+01°)"
9160.23569228554,"(1.08351479840888e+02dB,9.00127804874175e+01°)"
9174.17129804742,"(1.08338270092899e+02dB,9.00127622252734e+01°)"
9188.12810425812,"(1.08325060328375e+02dB,9.00127439932462e+01°)"
9202.1061431702,"(1.08311850544067e+02dB,9.00127257900660e+01°)"
9216.10544708529,"(1.08298640741488e+02dB,9.00127076154636e+01°)"
9230.12604835417,"(1.08285430923449e+02dB,9.00126894715685e+01°)"
9244.16797937682,"(1.08272221085716e+02dB,9.00126713572500e+01°)"
9258.23127260253,"(1.08259011230375e+02dB,9.00126532705887e+01°)"
9272.31596052993,"(1.08245801356564e+02dB,9.00126352145046e+01°)"
9286.42207570711,"(1.08232591466142e+02dB,9.00126171870035e+01°)"
9300.54965073168,"(1.08219381556228e+02dB,9.00125991880629e+01°)"
9314.69871825082,"(1.08206171627486e+02dB,9.00125812190874e+01°)"
9328.86931096139,"(1.08192961682357e+02dB,9.00125632797096e+01°)"
9343.06146161,"(1.08179751717707e+02dB,9.00125453682692e+01°)"
9357.27520299306,"(1.08166541734768e+02dB,9.00125274856642e+01°)"
9371.51056795688,"(1.08153331733754e+02dB,9.00125096330653e+01°)"
9385.76758939775,"(1.08140121713925e+02dB,9.00124918100404e+01°)"
9400.04630026199,"(1.08126911676267e+02dB,9.00124740136198e+01°)"
9414.34673354606,"(1.08113701618708e+02dB,9.00124562479198e+01°)"
9428.6689222966,"(1.08100491543333e+02dB,9.00124385095850e+01°)"
9443.01289961053,"(1.08087281448670e+02dB,9.00124208008147e+01°)"
9457.37869863513,"(1.08074071335656e+02dB,9.00124031204100e+01°)"
9471.76635256809,"(1.08060861204721e+02dB,9.00123854690284e+01°)"
9486.17589465762,"(1.08047651053280e+02dB,9.00123678465372e+01°)"
9500.60735820251,"(1.08034440884246e+02dB,9.00123502519647e+01°)"
9515.0607765522,"(1.08021230695362e+02dB,9.00123326858276e+01°)"
9529.53618310686,"(1.08008020487486e+02dB,9.00123151485970e+01°)"
9544.03361131749,"(1.07994810259983e+02dB,9.00122976394276e+01°)"
9558.55309468596,"(1.07981600014933e+02dB,9.00122801595331e+01°)"
9573.09466676513,"(1.07968389750632e+02dB,9.00122627080875e+01°)"
9587.65836115888,"(1.07955179465213e+02dB,9.00122452844058e+01°)"
9602.24421152223,"(1.07941969161954e+02dB,9.00122278883389e+01°)"
9616.85225156139,"(1.07928758836920e+02dB,9.00122105226559e+01°)"
9631.48251503386,"(1.07915548495513e+02dB,9.00121931819500e+01°)"
9646.13503574847,"(1.07902338133099e+02dB,9.00121758724530e+01°)"
9660.80984756551,"(1.07889127750121e+02dB,9.00121585892408e+01°)"
9675.50698439678,"(1.07875917349186e+02dB,9.00121413354125e+01°)"
9690.22648020565,"(1.07862706928476e+02dB,9.00121241098580e+01°)"
9704.96836900718,"(1.07849496487680e+02dB,9.00121069104562e+01°)"
9719.73268486816,"(1.07836286026532e+02dB,9.00120897397808e+01°)"
9734.51946190724,"(1.07823075545974e+02dB,9.00120725977553e+01°)"
9749.32873429492,"(1.07809865045767e+02dB,9.00120554835863e+01°)"
9764.16053625374,"(1.07796654524817e+02dB,9.00120383962664e+01°)"
9779.01490205828,"(1.07783443983439e+02dB,9.00120213375695e+01°)"
9793.89186603524,"(1.07770233422178e+02dB,9.00120043065237e+01°)"
9808.79146256358,"(1.07757022841610e+02dB,9.00119873031494e+01°)"
9823.71372607454,"(1.07743812240946e+02dB,9.00119703274933e+01°)"
9838.65869105174,"(1.07730601618647e+02dB,9.00119533802376e+01°)"
9853.62639203128,"(1.07717390976203e+02dB,9.00119364587095e+01°)"
9868.61686360176,"(1.07704180314961e+02dB,9.00119195664543e+01°)"
9883.63014040446,"(1.07690969631957e+02dB,9.00119027008064e+01°)"
9898.6662571333,"(1.07677758928540e+02dB,9.00118858634249e+01°)"
9913.72524853502,"(1.07664548203053e+02dB,9.00118690540209e+01°)"
9928.80714940919,"(1.07651337457988e+02dB,9.00118522707008e+01°)"
9943.91199460837,"(1.07638126693160e+02dB,9.00118355157906e+01°)"
9959.03981903808,"(1.07624915905942e+02dB,9.00118187856444e+01°)"
9974.19065765699,"(1.07611705100548e+02dB,9.00118020867887e+01°)"
9989.36454547693,"(1.07598494271677e+02dB,9.00117854142261e+01°)"
10004.561517563,"(1.07585283421898e+02dB,9.00117687670047e+01°)"
10019.7816090336,"(1.07572072551052e+02dB,9.00117521481477e+01°)"
10035.0248550607,"(1.07558861660488e+02dB,9.00117355571046e+01°)"
10050.2912908696,"(1.07545650746914e+02dB,9.00117189927259e+01°)"
10065.5809517393,"(1.07532439814141e+02dB,9.00117024541318e+01°)"
10080.8938730025,"(1.07519228858820e+02dB,9.00116859433417e+01°)"
10096.2300900454,"(1.07506017882578e+02dB,9.00116694598931e+01°)"
10111.5896383084,"(1.07492806883815e+02dB,9.00116530036179e+01°)"
10126.9725532856,"(1.07479595863498e+02dB,9.00116365736870e+01°)"
10142.3788705251,"(1.07466384822665e+02dB,9.00116201714372e+01°)"
10157.8086256292,"(1.07453173759945e+02dB,9.00116037958315e+01°)"
10173.2618542541,"(1.07439962675436e+02dB,9.00115874468181e+01°)"
10188.7385921106,"(1.07426751568306e+02dB,9.00115711239234e+01°)"
10204.2388749636,"(1.07413540441170e+02dB,9.00115548280512e+01°)"
10219.7627386324,"(1.07400329290695e+02dB,9.00115385590279e+01°)"
10235.310218991,"(1.07387118118851e+02dB,9.00115223173512e+01°)"
10250.8813519677,"(1.07373906923811e+02dB,9.00115061015678e+01°)"
10266.4761735456,"(1.07360695707296e+02dB,9.00114899137608e+01°)"
10282.0947197626,"(1.07347484468798e+02dB,9.00114737504088e+01°)"
10297.7370267112,"(1.07334273208127e+02dB,9.00114576153086e+01°)"
10313.4031305392,"(1.07321061924846e+02dB,9.00114415057857e+01°)"
10329.0930674489,"(1.07307850620649e+02dB,9.00114254220761e+01°)"
10344.8068736982,"(1.07294639292173e+02dB,9.00114093658054e+01°)"
10360.5445855996,"(1.07281427940462e+02dB,9.00113933355470e+01°)"
10376.3062395213,"(1.07268216569011e+02dB,9.00113773322767e+01°)"
10392.0918718867,"(1.07255005172440e+02dB,9.00113613546380e+01°)"
10407.9015191745,"(1.07241793754561e+02dB,9.00113454029587e+01°)"
10423.7352179189,"(1.07228582313286e+02dB,9.00113294775433e+01°)"
10439.5930047099,"(1.07215370847913e+02dB,9.00113135788176e+01°)"
10455.4749161928,"(1.07202159361479e+02dB,9.00112977071176e+01°)"
10471.3809890691,"(1.07188947850737e+02dB,9.00112818589911e+01°)"
10487.3112600958,"(1.07175736317773e+02dB,9.00112660397487e+01°)"
10503.2657660858,"(1.07162524760817e+02dB,9.00112502444210e+01°)"
10519.2445439083,"(1.07149313181431e+02dB,9.00112344761974e+01°)"
10535.2476304883,"(1.07136101578246e+02dB,9.00112187340530e+01°)"
10551.275062807,"(1.07122889952474e+02dB,9.00112030177761e+01°)"
10567.3268779022,"(1.07109678301979e+02dB,9.00111873267331e+01°)"
10583.4031128676,"(1.07096466629459e+02dB,9.00111716623091e+01°)"
10599.5038048535,"(1.07083254932141e+02dB,9.00111560234701e+01°)"
10615.6289910668,"(1.07070043212261e+02dB,9.00111404099296e+01°)"
10631.7787087709,"(1.07056831467100e+02dB,9.00111248215692e+01°)"
10647.9529952861,"(1.07043619699356e+02dB,9.00111092596518e+01°)"
10664.151887989,"(1.07030407907774e+02dB,9.00110937248803e+01°)"
10680.3754243137,"(1.07017196090605e+02dB,9.00110782133401e+01°)"
10696.6236417506,"(1.07003984251553e+02dB,9.00110627295913e+01°)"
10712.8965778477,"(1.06990772387561e+02dB,9.00110472701572e+01°)"
10729.1942702097,"(1.06977560500274e+02dB,9.00110318366693e+01°)"
10745.5167564988,"(1.06964348586911e+02dB,9.00110164280531e+01°)"
10761.8640744344,"(1.06951136650790e+02dB,9.00110010448602e+01°)"
10778.2362617931,"(1.06937924689207e+02dB,9.00109856886059e+01°)"
10794.6333564093,"(1.06924712703774e+02dB,9.00109703558027e+01°)"
10811.0553961746,"(1.06911500693780e+02dB,9.00109550491408e+01°)"
10827.5024190387,"(1.06898288658737e+02dB,9.00109397685539e+01°)"
10843.9744630085,"(1.06885076599066e+02dB,9.00109245125859e+01°)"
10860.4715661492,"(1.06871864515116e+02dB,9.00109092819758e+01°)"
10876.9937665835,"(1.06858652405527e+02dB,9.00108940759177e+01°)"
10893.5411024925,"(1.06845440272283e+02dB,9.00108788961560e+01°)"
10910.113612115,"(1.06832228113187e+02dB,9.00108637407160e+01°)"
10926.7113337483,"(1.06819015929900e+02dB,9.00108486107938e+01°)"
10943.3343057477,"(1.06805803720431e+02dB,9.00108335061304e+01°)"
10959.9825665271,"(1.06792591486325e+02dB,9.00108184257326e+01°)"
10976.6561545585,"(1.06779379226616e+02dB,9.00108033715328e+01°)"
10993.3551083728,"(1.06766166941609e+02dB,9.00107883408439e+01°)"
11010.0794665593,"(1.06752954630870e+02dB,9.00107733362919e+01°)"
11026.8292677661,"(1.06739742294839e+02dB,9.00107583560346e+01°)"
11043.6045507,"(1.06726529933202e+02dB,9.00107434012258e+01°)"
11060.4053541267,"(1.06713317546063e+02dB,9.00107284700673e+01°)"
11077.231716871,"(1.06700105132626e+02dB,9.00107135647892e+01°)"
11094.0836778167,"(1.06686892694788e+02dB,9.00106986839781e+01°)"
11110.9612759066,"(1.06673680229959e+02dB,9.00106838284059e+01°)"
11127.864550143,"(1.06660467738145e+02dB,9.00106689965942e+01°)"
11144.7935395873,"(1.06647255221551e+02dB,9.00106541893811e+01°)"
11161.7482833606,"(1.06634042678527e+02dB,9.00106394066294e+01°)"
11178.7288206432,"(1.06620830109363e+02dB,9.00106246497449e+01°)"
11195.7351906752,"(1.06607617513875e+02dB,9.00106099167357e+01°)"
11212.7674327564,"(1.06594404892621e+02dB,9.00105952085776e+01°)"
11229.8255862462,"(1.06581192242910e+02dB,9.00105805244812e+01°)"
11246.9096905643,"(1.06567979567595e+02dB,9.00105658650263e+01°)"
11264.0197851898,"(1.06554766867011e+02dB,9.00105512301712e+01°)"
11281.1559096623,"(1.06541554138463e+02dB,9.00105366195348e+01°)"
11298.3181035813,"(1.06528341383306e+02dB,9.00105220329659e+01°)"
11315.5064066068,"(1.06515128600851e+02dB,9.00105074708129e+01°)"
11332.7208584589,"(1.06501915792601e+02dB,9.00104929334656e+01°)"
11349.9614989182,"(1.06488702956479e+02dB,9.00104784196315e+01°)"
11367.2283678258,"(1.06475490092111e+02dB,9.00104639312324e+01°)"
11384.5215050834,"(1.06462277202773e+02dB,9.00104494654948e+01°)"
11401.8409506536,"(1.06449064284629e+02dB,9.00104350247295e+01°)"
11419.1867445595,"(1.06435851338615e+02dB,9.00104206081161e+01°)"
11436.5589268853,"(1.06422638366923e+02dB,9.00104062152948e+01°)"
11453.957537776,"(1.06409425366819e+02dB,9.00103918467329e+01°)"
11471.3826174379,"(1.06396212339075e+02dB,9.00103775019455e+01°)"
11488.8342061383,"(1.06382999283314e+02dB,9.00103631815694e+01°)"
11506.3123442058,"(1.06369786200938e+02dB,9.00103488849446e+01°)"
11523.8170720303,"(1.06356573089132e+02dB,9.00103346120287e+01°)"
11541.3484300633,"(1.06343359950740e+02dB,9.00103203635761e+01°)"
11558.9064588176,"(1.06330146782610e+02dB,9.00103061378840e+01°)"
11576.491198868,"(1.06316933587354e+02dB,9.00102919370375e+01°)"
11594.1026908505,"(1.06303720364114e+02dB,9.00102777596555e+01°)"
11611.7409754635,"(1.06290507111785e+02dB,9.00102636056896e+01°)"
11629.4060934669,"(1.06277293832307e+02dB,9.00102494757682e+01°)"
11647.0980856828,"(1.06264080522865e+02dB,9.00102353699604e+01°)"
11664.8169929952,"(1.06250867185511e+02dB,9.00102212870520e+01°)"
11682.5628563507,"(1.06237653820150e+02dB,9.00102072279105e+01°)"
11700.3357167577,"(1.06224440424780e+02dB,9.00101931934783e+01°)"
11718.1356152873,"(1.06211227001555e+02dB,9.00101791813848e+01°)"
11735.9625930731,"(1.06198013548822e+02dB,9.00101651930121e+01°)"
11753.8166913111,"(1.06184800067831e+02dB,9.00101512281953e+01°)"
11771.6979512601,"(1.06171586557032e+02dB,9.00101372873385e+01°)"
11789.6064142415,"(1.06158373017016e+02dB,9.00101233693590e+01°)"
11807.5421216399,"(1.06145159448349e+02dB,9.00101094751245e+01°)"
11825.5051149024,"(1.06131945850008e+02dB,9.00100956039653e+01°)"
11843.4954355396,"(1.06118732221684e+02dB,9.00100817557195e+01°)"
11861.513125125,"(1.06105518563868e+02dB,9.00100679312661e+01°)"
11879.5582252953,"(1.06092304877201e+02dB,9.00100541305962e+01°)"
11897.6307777507,"(1.06079091160636e+02dB,9.00100403526124e+01°)"
11915.7308242549,"(1.06065877413304e+02dB,9.00100265979006e+01°)"
11933.8584066348,"(1.06052663636740e+02dB,9.00100128667004e+01°)"
11952.0135667813,"(1.06039449830495e+02dB,9.00099991585306e+01°)"
11970.1963466488,"(1.06026235994126e+02dB,9.00099854731597e+01°)"
11988.4067882556,"(1.06013022127058e+02dB,9.00099718107035e+01°)"
12006.644933684,"(1.05999808230593e+02dB,9.00099581713595e+01°)"
12024.9108250802,"(1.05986594302624e+02dB,9.00099445551138e+01°)"
12043.2045046545,"(1.05973380344980e+02dB,9.00099309625880e+01°)"
12061.5260146816,"(1.05960166356749e+02dB,9.00099173924480e+01°)"
12079.8753975003,"(1.05946952336916e+02dB,9.00099038450776e+01°)"
12098.2526955139,"(1.05933738286776e+02dB,9.00098903204888e+01°)"
12116.6579511903,"(1.05920524206815e+02dB,9.00098768193267e+01°)"
12135.0912070618,"(1.05907310095080e+02dB,9.00098633406961e+01°)"
12153.5525057256,"(1.05894095952638e+02dB,9.00098498851310e+01°)"
12172.0418898436,"(1.05880881779355e+02dB,9.00098364521029e+01°)"
12190.5594021426,"(1.05867667573800e+02dB,9.00098230418195e+01°)"
12209.1050854145,"(1.05854453337062e+02dB,9.00098096536712e+01°)"
12227.6789825162,"(1.05841239069897e+02dB,9.00097962895223e+01°)"
12246.2811363698,"(1.05828024770547e+02dB,9.00097829468640e+01°)"
12264.9115899628,"(1.05814810439956e+02dB,9.00097696272843e+01°)"
12283.5703863479,"(1.05801596077461e+02dB,9.00097563302177e+01°)"
12302.2575686435,"(1.05788381683033e+02dB,9.00097430558097e+01°)"
12320.9731800335,"(1.05775167256253e+02dB,9.00097298037690e+01°)"
12339.7172637675,"(1.05761952798824e+02dB,9.00097165738424e+01°)"
12358.489863161,"(1.05748738308106e+02dB,9.00097033668960e+01°)"
12377.2910215952,"(1.05735523785524e+02dB,9.00096901825051e+01°)"
12396.1207825174,"(1.05722309231334e+02dB,9.00096770204620e+01°)"
12414.9791894411,"(1.05709094644147e+02dB,9.00096638806026e+01°)"
12433.8662859458,"(1.05695880024079e+02dB,9.00096507628645e+01°)"
12452.7821156774,"(1.05682665372045e+02dB,9.00096376676571e+01°)"
12471.7267223482,"(1.05669450687507e+02dB,9.00096245949058e+01°)"
12490.7001497371,"(1.05656235970309e+02dB,9.00096115442837e+01°)"
12509.7024416894,"(1.05643021219886e+02dB,9.00095985161100e+01°)"
12528.7336421172,"(1.05629806436307e+02dB,9.00095855099377e+01°)"
12547.7937949994,"(1.05616591619891e+02dB,9.00095725256163e+01°)"
12566.8829443819,"(1.05603376770421e+02dB,9.00095595639178e+01°)"
12586.0011343774,"(1.05590161887737e+02dB,9.00095466235270e+01°)"
12605.1484091658,"(1.05576946970906e+02dB,9.00095337061680e+01°)"
12624.3248129944,"(1.05563732021594e+02dB,9.00095208102392e+01°)"
12643.5303901775,"(1.05550517038227e+02dB,9.00095079364921e+01°)"
12662.7651850971,"(1.05537302021331e+02dB,9.00094950851564e+01°)"
12682.0292422024,"(1.05524086971059e+02dB,9.00094822552549e+01°)"
12701.3226060106,"(1.05510871885953e+02dB,9.00094694472562e+01°)"
12720.6453211063,"(1.05497656767292e+02dB,9.00094566618570e+01°)"
12739.9974321422,"(1.05484441614517e+02dB,9.00094438972482e+01°)"
12759.3789838386,"(1.05471226427375e+02dB,9.00094311554205e+01°)"
12778.7900209842,"(1.05458011206471e+02dB,9.00094184345395e+01°)"
12798.2305884356,"(1.05444795950179e+02dB,9.00094057359549e+01°)"
12817.7007311176,"(1.05431580660498e+02dB,9.00093930587843e+01°)"
12837.2004940236,"(1.05418365335108e+02dB,9.00093804036520e+01°)"
12856.7299222153,"(1.05405149976049e+02dB,9.00093677704847e+01°)"
12876.2890608228,"(1.05391934582196e+02dB,9.00093551584193e+01°)"
12895.8779550451,"(1.05378719151995e+02dB,9.00093425681312e+01°)"
12915.4966501499,"(1.05365503688379e+02dB,9.00093299996773e+01°)"
12935.1451914736,"(1.05352288188476e+02dB,9.00093174524000e+01°)"
12954.8236244219,"(1.05339072654200e+02dB,9.00093049273204e+01°)"
12974.5319944693,"(1.05325857082533e+02dB,9.00092924229217e+01°)"
12994.2703471595,"(1.05312641476923e+02dB,9.00092799406252e+01°)"
13014.0387281056,"(1.05299425836589e+02dB,9.00092674793422e+01°)"
13033.8371829901,"(1.05286210159737e+02dB,9.00092550396980e+01°)"
13053.6657575648,"(1.05272994447114e+02dB,9.00092426214056e+01°)"
13073.5244976514,"(1.05259778698370e+02dB,9.00092302243787e+01°)"
13093.413449141,"(1.05246562914139e+02dB,9.00092178491213e+01°)"
13113.3326579948,"(1.05233347092999e+02dB,9.00092054950651e+01°)"
13133.2821702437,"(1.05220131236416e+02dB,9.00091931617674e+01°)"
13153.2620319888,"(1.05206915342409e+02dB,9.00091808500656e+01°)"
13173.2722894011,"(1.05193699412686e+02dB,9.00091685597834e+01°)"
13193.3129887222,"(1.05180483445943e+02dB,9.00091562909484e+01°)"
13213.3841762636,"(1.05167267443401e+02dB,9.00091440426153e+01°)"
13233.4858984077,"(1.05154051404520e+02dB,9.00091318155793e+01°)"
13253.6182016072,"(1.05140835326938e+02dB,9.00091196096494e+01°)"
13273.7811323854,"(1.05127619213637e+02dB,9.00091074253190e+01°)"
13293.9747373367,"(1.05114403062032e+02dB,9.00090952612093e+01°)"
13314.199063126,"(1.05101186873553e+02dB,9.00090831186862e+01°)"
13334.4541564895,"(1.05087970649435e+02dB,9.00090709969853e+01°)"
13354.7400642344,"(1.05074754385822e+02dB,9.00090588963123e+01°)"
13375.0568332389,"(1.05061538085637e+02dB,9.00090468165070e+01°)"
13395.4045104529,"(1.05048321747228e+02dB,9.00090347577411e+01°)"
13415.7831428975,"(1.05035105371158e+02dB,9.00090227199922e+01°)"
13436.1927776653,"(1.05021888956079e+02dB,9.00090107026326e+01°)"
13456.6334619206,"(1.05008672504650e+02dB,9.00089987068436e+01°)"
13477.1052428994,"(1.04995456014500e+02dB,9.00089867311633e+01°)"
13497.6081679098,"(1.04982239486224e+02dB,9.00089747765785e+01°)"
13518.1422843316,"(1.04969022918938e+02dB,9.00089628426131e+01°)"
13538.7076396167,"(1.04955806313528e+02dB,9.00089509296156e+01°)"
13559.3042812894,"(1.04942589669721e+02dB,9.00089390374466e+01°)"
13579.932256946,"(1.04929372987530e+02dB,9.00089271653929e+01°)"
13600.5916142555,"(1.04916156265340e+02dB,9.00089153140518e+01°)"
13621.2824009592,"(1.04902939504799e+02dB,9.00089034836816e+01°)"
13642.0046648711,"(1.04889722705308e+02dB,9.00088916736560e+01°)"
13662.758453878,"(1.04876505865802e+02dB,9.00088798845784e+01°)"
13683.5438159395,"(1.04863288987120e+02dB,9.00088681155223e+01°)"
13704.3607990882,"(1.04850072069110e+02dB,9.00088563671098e+01°)"
13725.2094514297,"(1.04836855111511e+02dB,9.00088446391675e+01°)"
13746.0898211429,"(1.04823638115065e+02dB,9.00088329320999e+01°)"
13767.0019564798,"(1.04810421078316e+02dB,9.00088212447076e+01°)"
13787.9459057659,"(1.04797204001506e+02dB,9.00088095781649e+01°)"
13808.9217174004,"(1.04783986885025e+02dB,9.00087979320961e+01°)"
13829.9294398559,"(1.04770769727158e+02dB,9.00087863061718e+01°)"
13850.9691216788,"(1.04757552529052e+02dB,9.00087747003884e+01°)"
13872.0408114894,"(1.04744335291762e+02dB,9.00087631153533e+01°)"
13893.1445579819,"(1.04731118013939e+02dB,9.00087515502242e+01°)"
13914.2804099246,"(1.04717900693997e+02dB,9.00087400056801e+01°)"
13935.4484161601,"(1.04704683333957e+02dB,9.00087284812512e+01°)"
13956.6486256052,"(1.04691465933107e+02dB,9.00087169767097e+01°)"
13977.8810872511,"(1.04678248490907e+02dB,9.00087054923898e+01°)"
13999.1458501635,"(1.04665031008032e+02dB,9.00086940284733e+01°)"
14020.4429634829,"(1.04651813482591e+02dB,9.00086825844780e+01°)"
14041.7724764244,"(1.04638595917063e+02dB,9.00086711605375e+01°)"
14063.1344382781,"(1.04625378309472e+02dB,9.00086597567649e+01°)"
14084.528898409,"(1.04612160660893e+02dB,9.00086483724829e+01°)"
14105.9559062572,"(1.04598942969699e+02dB,9.00086370093676e+01°)"
14127.415511338,"(1.04585725236257e+02dB,9.00086256649788e+01°)"
14148.9077632422,"(1.04572507462002e+02dB,9.00086143411865e+01°)"
14170.4327116358,"(1.04559289644667e+02dB,9.00086030373670e+01°)"
14191.9904062605,"(1.04546071784941e+02dB,9.00085917530668e+01°)"
14213.5808969337,"(1.04532853882759e+02dB,9.00085804888141e+01°)"
14235.2042335484,"(1.04519635937802e+02dB,9.00085692447004e+01°)"
14256.8604660737,"(1.04506417950212e+02dB,9.00085580198870e+01°)"
14278.5496445546,"(1.04493199920526e+02dB,9.00085468155103e+01°)"
14300.2718191123,"(1.04479981847796e+02dB,9.00085356305459e+01°)"
14322.0270399443,"(1.04466763731232e+02dB,9.00085244650315e+01°)"
14343.8153573244,"(1.04453545571243e+02dB,9.00085133192900e+01°)"
14365.6368216028,"(1.04440327368548e+02dB,9.00085021934672e+01°)"
14387.4914832064,"(1.04427109121995e+02dB,9.00084910872464e+01°)"
14409.3793926388,"(1.04413890831873e+02dB,9.00084800008099e+01°)"
14431.3006004805,"(1.04400672498006e+02dB,9.00084689339129e+01°)"
14453.2551573887,"(1.04387454120137e+02dB,9.00084578864186e+01°)"
14475.2431140981,"(1.04374235697743e+02dB,9.00084468585893e+01°)"
14497.2645214201,"(1.04361017231977e+02dB,9.00084358503987e+01°)"
14519.3194302437,"(1.04347798722318e+02dB,9.00084248618535e+01°)"
14541.4078915353,"(1.04334580167169e+02dB,9.00084138923707e+01°)"
14563.5299563387,"(1.04321361568042e+02dB,9.00084029427818e+01°)"
14585.6856757754,"(1.04308142923600e+02dB,9.00083920123049e+01°)"
14607.8751010448,"(1.04294924235211e+02dB,9.00083811010961e+01°)"
14630.0982834241,"(1.04281705501155e+02dB,9.00083702095505e+01°)"
14652.3552742685,"(1.04268486722081e+02dB,9.00083593376193e+01°)"
14674.6461250112,"(1.04255267897640e+02dB,9.00083484845752e+01°)"
14696.970887164,"(1.04242049028306e+02dB,9.00083376511383e+01°)"
14719.3296123166,"(1.04228830112710e+02dB,9.00083268365028e+01°)"
14741.7223521376,"(1.04215611151017e+02dB,9.00083160416765e+01°)"
14764.149158374,"(1.04202392144517e+02dB,9.00083052658936e+01°)"
14786.6100828515,"(1.04189173091986e+02dB,9.00082945089991e+01°)"
14809.1051774748,"(1.04175953993194e+02dB,9.00082837717084e+01°)"
14831.6344942273,"(1.04162734847709e+02dB,9.00082730536559e+01°)"
14854.1980851718,"(1.04149515656280e+02dB,9.00082623546051e+01°)"
14876.7960024501,"(1.04136296418157e+02dB,9.00082516743567e+01°)"
14899.4282982833,"(1.04123077133426e+02dB,9.00082410136956e+01°)"
14922.0950249722,"(1.04109857801839e+02dB,9.00082303716121e+01°)"
14944.7962348968,"(1.04096638423100e+02dB,9.00082197486261e+01°)"
14967.531980517,"(1.04083418997877e+02dB,9.00082091449211e+01°)"
14990.3023143725,"(1.04070199525221e+02dB,9.00081985602896e+01°)"
15013.107289083,"(1.04056980004271e+02dB,9.00081879940597e+01°)"
15035.946957348,"(1.04043760436986e+02dB,9.00081774473260e+01°)"
15058.8213719475,"(1.04030540821469e+02dB,9.00081669194484e+01°)"
15081.7305857415,"(1.04017321158353e+02dB,9.00081564101250e+01°)"
15104.6746516706,"(1.04004101446234e+02dB,9.00081459197013e+01°)"
15127.6536227558,"(1.03990881687799e+02dB,9.00081354484500e+01°)"
15150.667552099,"(1.03977661879269e+02dB,9.00081249958551e+01°)"
15173.7164928826,"(1.03964442024112e+02dB,9.00081145621242e+01°)"
15196.8004983701,"(1.03951222118961e+02dB,9.00081041472542e+01°)"
15219.9196219059,"(1.03938002166017e+02dB,9.00080937505298e+01°)"
15243.0739169157,"(1.03924782163743e+02dB,9.00080833730752e+01°)"
15266.2634369064,"(1.03911562112323e+02dB,9.00080730140847e+01°)"
15289.4882354662,"(1.03898342011987e+02dB,9.00080626742373e+01°)"
15312.748366265,"(1.03885121862459e+02dB,9.00080523523136e+01°)"
15336.0438830542,"(1.03871901662930e+02dB,9.00080420496010e+01°)"
15359.3748396672,"(1.03858681414540e+02dB,9.00080317650644e+01°)"
15382.741290019,"(1.03845461115842e+02dB,9.00080214994842e+01°)"
15406.1432881068,"(1.03832240767866e+02dB,9.00080112522805e+01°)"
15429.5808880099,"(1.03819020368781e+02dB,9.00080010237302e+01°)"
15453.0541438899,"(1.03805799920049e+02dB,9.00079908133001e+01°)"
15476.5631099908,"(1.03792579421817e+02dB,9.00079806216609e+01°)"
15500.1078406391,"(1.03779358872202e+02dB,9.00079704487119e+01°)"
15523.6883902439,"(1.03766138271518e+02dB,9.00079602939760e+01°)"
15547.3048132972,"(1.03752917620291e+02dB,9.00079501576214e+01°)"
15570.9571643737,"(1.03739696918162e+02dB,9.00079400396121e+01°)"
15594.6454981314,"(1.03726476165116e+02dB,9.00079299400641e+01°)"
15618.3698693112,"(1.03713255360929e+02dB,9.00079198586261e+01°)"
15642.1303327374,"(1.03700034504841e+02dB,9.00079097958666e+01°)"
15665.9269433177,"(1.03686813597007e+02dB,9.00078997511986e+01°)"
15689.7597560433,"(1.03673592637774e+02dB,9.00078897248686e+01°)"
15713.6288259891,"(1.03660371625712e+02dB,9.00078797166291e+01°)"
15737.5342083136,"(1.03647150562670e+02dB,9.00078697270082e+01°)"
15761.4759582597,"(1.03633929446593e+02dB,9.00078597551654e+01°)"
15785.4541311537,"(1.03620708279135e+02dB,9.00078498017534e+01°)"
15809.4687824065,"(1.03607487058370e+02dB,9.00078398664509e+01°)"
15833.5199675132,"(1.03594265785301e+02dB,9.00078299493066e+01°)"
15857.6077420533,"(1.03581044459359e+02dB,9.00078200500440e+01°)"
15881.7321616909,"(1.03567823079773e+02dB,9.00078101690274e+01°)"
15905.8932821747,"(1.03554601647239e+02dB,9.00078003062508e+01°)"
15930.0911593382,"(1.03541380161167e+02dB,9.00077904613206e+01°)"
15954.3258491,"(1.03528158621629e+02dB,9.00077806345548e+01°)"
15978.5974074636,"(1.03514937028591e+02dB,9.00077708255192e+01°)"
16002.9058905178,"(1.03501715381367e+02dB,9.00077610347582e+01°)"
16027.2513544366,"(1.03488493680494e+02dB,9.00077512618951e+01°)"
16051.6338554797,"(1.03475271924998e+02dB,9.00077415066417e+01°)"
16076.0534499922,"(1.03462050115867e+02dB,9.00077317699983e+01°)"
16100.5101944048,"(1.03448828251741e+02dB,9.00077220507051e+01°)"
16125.0041452344,"(1.03435606332571e+02dB,9.00077123492751e+01°)"
16149.5353590836,"(1.03422384359164e+02dB,9.00077026658133e+01°)"
16174.1038926413,"(1.03409162330206e+02dB,9.00076930001845e+01°)"
16198.7098026823,"(1.03395940246140e+02dB,9.00076833524024e+01°)"
16223.3531460683,"(1.03382718107325e+02dB,9.00076737223650e+01°)"
16248.033979747,"(1.03369495911977e+02dB,9.00076641101698e+01°)"
16272.7523607531,"(1.03356273661075e+02dB,9.00076545153495e+01°)"
16297.5083462079,"(1.03343051355016e+02dB,9.00076449384244e+01°)"
16322.3019933195,"(1.03329828992698e+02dB,9.00076353794675e+01°)"
16347.1333593832,"(1.03316606574050e+02dB,9.00076258377145e+01°)"
16372.0025017815,"(1.03303384098647e+02dB,9.00076163139794e+01°)"
16396.909477984,"(1.03290161567057e+02dB,9.00076068076192e+01°)"
16421.8543455479,"(1.03276938979240e+02dB,9.00075973190461e+01°)"
16446.837162118,"(1.03263716333975e+02dB,9.00075878479462e+01°)"
16471.8579854265,"(1.03250493631705e+02dB,9.00075783945230e+01°)"
16496.9168732937,"(1.03237270871279e+02dB,9.00075689584218e+01°)"
16522.0138836279,"(1.03224048054800e+02dB,9.00075595399966e+01°)"
16547.1490744253,"(1.03210825179531e+02dB,9.00075501390255e+01°)"
16572.3225037704,"(1.03197602247003e+02dB,9.00075407555325e+01°)"
16597.5342298361,"(1.03184379256949e+02dB,9.00075313895555e+01°)"
16622.7843108838,"(1.03171156208077e+02dB,9.00075220407788e+01°)"
16648.0728052635,"(1.03157933101328e+02dB,9.00075127096734e+01°)"
16673.399771414,"(1.03144709936306e+02dB,9.00075033956745e+01°)"
16698.765267863,"(1.03131486712171e+02dB,9.00074940993355e+01°)"
16724.1693532272,"(1.03118263429050e+02dB,9.00074848200705e+01°)"
16749.6120862126,"(1.03105040086926e+02dB,9.00074755582738e+01°)"
16775.0935256142,"(1.03091816685803e+02dB,9.00074663137756e+01°)"
16800.6137303169,"(1.03078593225499e+02dB,9.00074570865168e+01°)"
16826.1727592947,"(1.03065369704945e+02dB,9.00074478766212e+01°)"
16851.7706716118,"(1.03052146125464e+02dB,9.00074386838243e+01°)"
16877.4075264219,"(1.03038922485838e+02dB,9.00074295084207e+01°)"
16903.0833829688,"(1.03025698785327e+02dB,9.00074203500260e+01°)"
16928.7983005864,"(1.03012475025023e+02dB,9.00074112088406e+01°)"
16954.552338699,"(1.02999251204800e+02dB,9.00074020848505e+01°)"
16980.3455568211,"(1.02986027322888e+02dB,9.00073929779183e+01°)"
17006.1780145579,"(1.02972803380406e+02dB,9.00073838880877e+01°)"
17032.0497716053,"(1.02959579377464e+02dB,9.00073748155967e+01°)"
17057.9608877498,"(1.02946355313256e+02dB,9.00073657598912e+01°)"
17083.911422869,"(1.02933131186718e+02dB,9.00073567212826e+01°)"
17109.9014369317,"(1.02919906998945e+02dB,9.00073476998880e+01°)"
17135.9309899977,"(1.02906682749981e+02dB,9.00073386952658e+01°)"
17162.0001422184,"(1.02893458438345e+02dB,9.00073297077305e+01°)"
17188.1089538365,"(1.02880234064658e+02dB,9.00073207370067e+01°)"
17214.2574851865,"(1.02867009628714e+02dB,9.00073117834683e+01°)"
17240.4457966946,"(1.02853785130302e+02dB,9.00073028467075e+01°)"
17266.6739488789,"(1.02840560569081e+02dB,9.00072939269198e+01°)"
17292.9420023498,"(1.02827335944844e+02dB,9.00072850240604e+01°)"
17319.2500178095,"(1.02814111257609e+02dB,9.00072761378927e+01°)"
17345.598056053,"(1.02800886506800e+02dB,9.00072672687968e+01°)"
17371.9861779675,"(1.02787661692578e+02dB,9.00072584160679e+01°)"
17398.4144445328,"(1.02774436814653e+02dB,9.00072495807014e+01°)"
17424.8829168217,"(1.02761211872876e+02dB,9.00072407618280e+01°)"
17451.3916559997,"(1.02747986867105e+02dB,9.00072319596292e+01°)"
17477.9407233254,"(1.02734761796785e+02dB,9.00072231743427e+01°)"
17504.5301801507,"(1.02721536661963e+02dB,9.00072144056870e+01°)"
17531.1600879208,"(1.02708311462585e+02dB,9.00072056536133e+01°)"
17557.8305081742,"(1.02695086198465e+02dB,9.00071969185190e+01°)"
17584.5415025432,"(1.02681860868951e+02dB,9.00071882000037e+01°)"
17611.2931327539,"(1.02668635474040e+02dB,9.00071794980342e+01°)"
17638.0854606262,"(1.02655410014083e+02dB,9.00071708126720e+01°)"
17664.918548074,"(1.02642184488170e+02dB,9.00071621438499e+01°)"
17691.7924571055,"(1.02628958896193e+02dB,9.00071534917477e+01°)"
17718.7072498232,"(1.02615733238308e+02dB,9.00071448562589e+01°)"
17745.6629884241,"(1.02602507514353e+02dB,9.00071362370172e+01°)"
17772.6597351998,"(1.02589281723526e+02dB,9.00071276346642e+01°)"
17799.6975525365,"(1.02576055866315e+02dB,9.00071190485244e+01°)"
17826.7765029157,"(1.02562829942028e+02dB,9.00071104790286e+01°)"
17853.8966489136,"(1.02549603950797e+02dB,9.00071019256980e+01°)"
17881.0580532017,"(1.02536377891946e+02dB,9.00070933891751e+01°)"
17908.2607785469,"(1.02523151765704e+02dB,9.00070848688343e+01°)"
17935.5048878116,"(1.02509925571910e+02dB,9.00070763652406e+01°)"
17962.7904439537,"(1.02496699309920e+02dB,9.00070678777976e+01°)"
17990.117510027,"(1.02483472979819e+02dB,9.00070594064470e+01°)"
18017.4861491812,"(1.02470246581687e+02dB,9.00070509518970e+01°)"
18044.8964246621,"(1.02457020114722e+02dB,9.00070425134011e+01°)"
18072.3483998115,"(1.02443793578970e+02dB,9.00070340912857e+01°)"
18099.842138068,"(1.02430566974259e+02dB,9.00070256853807e+01°)"
18127.3777029663,"(1.02417340300010e+02dB,9.00070172957905e+01°)"
18154.9551581379,"(1.02404113557174e+02dB,9.00070089224604e+01°)"
18182.5745673111,"(1.02390886743883e+02dB,9.00070005653513e+01°)"
18210.2359943112,"(1.02377659861452e+02dB,9.00069922246070e+01°)"
18237.9395030606,"(1.02364432908609e+02dB,9.00069838998200e+01°)"
18265.6851575788,"(1.02351205885680e+02dB,9.00069755912104e+01°)"
18293.4730219829,"(1.02337978792044e+02dB,9.00069672988621e+01°)"
18321.3031604873,"(1.02324751627813e+02dB,9.00069590227008e+01°)"
18349.1756374044,"(1.02311524392857e+02dB,9.00069507624778e+01°)"
18377.0905171442,"(1.02298297086519e+02dB,9.00069425184713e+01°)"
18405.0478642148,"(1.02285069709272e+02dB,9.00069342906370e+01°)"
18433.0477432223,"(1.02271842260070e+02dB,9.00069260786793e+01°)"
18461.0902188712,"(1.02258614738916e+02dB,9.00069178826206e+01°)"
18489.1753559645,"(1.02245387146099e+02dB,9.00069097027676e+01°)"
18517.3032194037,"(1.02232159481132e+02dB,9.00069015390483e+01°)"
18545.4738741889,"(1.02218931743673e+02dB,9.00068933911122e+01°)"
18573.6873854194,"(1.02205703933496e+02dB,9.00068852593414e+01°)"
18601.9438182932,"(1.02192476050067e+02dB,9.00068771431649e+01°)"
18630.2432381078,"(1.02179248094072e+02dB,9.00068690431987e+01°)"
18658.5857102598,"(1.02166020064479e+02dB,9.00068609590083e+01°)"
18686.9713002453,"(1.02152791961658e+02dB,9.00068528908642e+01°)"
18715.4000736603,"(1.02139563784916e+02dB,9.00068448384472e+01°)"
18743.8720962003,"(1.02126335533875e+02dB,9.00068368017237e+01°)"
18772.3874336608,"(1.02113107208656e+02dB,9.00068287811636e+01°)"
18800.9461519376,"(1.02099878809281e+02dB,9.00068207763401e+01°)"
18829.5483170265,"(1.02086650334944e+02dB,9.00068127872250e+01°)"
18858.1939950238,"(1.02073421786070e+02dB,9.00068048139340e+01°)"
18886.8832521263,"(1.02060193161610e+02dB,9.00067968562653e+01°)"
18915.6161546316,"(1.02046964462188e+02dB,9.00067889144773e+01°)"
18944.3927689382,"(1.02033735687075e+02dB,9.00067809883436e+01°)"
18973.2131615454,"(1.02020506835881e+02dB,9.00067730779893e+01°)"
19002.0773990538,"(1.02007277908726e+02dB,9.00067651833328e+01°)"
19030.9855481654,"(1.01994048905264e+02dB,9.00067573042467e+01°)"
19059.9376756835,"(1.01980819825214e+02dB,9.00067494410094e+01°)"
19088.9338485132,"(1.01967590668675e+02dB,9.00067415930701e+01°)"
19117.9741336613,"(1.01954361434861e+02dB,9.00067337610411e+01°)"
19147.0585982365,"(1.01941132123708e+02dB,9.00067259443372e+01°)"
19176.1873094496,"(1.01927902735431e+02dB,9.00067181435033e+01°)"
19205.3603346137,"(1.01914673269281e+02dB,9.00067103581663e+01°)"
19234.5777411444,"(1.01901443725002e+02dB,9.00067025883145e+01°)"
19263.8395965596,"(1.01888214102788e+02dB,9.00066948340729e+01°)"
19293.1459684801,"(1.01874984402238e+02dB,9.00066870952307e+01°)"
19322.4969246295,"(1.01861754622749e+02dB,9.00066793717808e+01°)"
19351.8925328346,"(1.01848524764667e+02dB,9.00066716639167e+01°)"
19381.3328610252,"(1.01835294827104e+02dB,9.00066639714067e+01°)"
19410.8179772344,"(1.01822064810023e+02dB,9.00066562945140e+01°)"
19440.347949599,"(1.01808834713776e+02dB,9.00066486330150e+01°)"
19469.9228463593,"(1.01795604537541e+02dB,9.00066409868288e+01°)"
19499.5427358595,"(1.01782374281113e+02dB,9.00066333559874e+01°)"
19529.2076865477,"(1.01769143944115e+02dB,9.00066257406936e+01°)"
19558.9177669762,"(1.01755913526868e+02dB,9.00066181406264e+01°)"
19588.6730458015,"(1.01742683028579e+02dB,9.00066105559194e+01°)"
19618.4735917847,"(1.01729452448998e+02dB,9.00066029864525e+01°)"
19648.3194737913,"(1.01716221788421e+02dB,9.00065954323643e+01°)"
19678.2107607918,"(1.01702991045946e+02dB,9.00065878936592e+01°)"
19708.1475218614,"(1.01689760221446e+02dB,9.00065803699090e+01°)"
19738.1298261806,"(1.01676529315332e+02dB,9.00065728616267e+01°)"
19768.157743035,"(1.01663298326688e+02dB,9.00065653684802e+01°)"
19798.2313418156,"(1.01650067255426e+02dB,9.00065578906258e+01°)"
19828.3506920191,"(1.01636836101213e+02dB,9.00065504279828e+01°)"
19858.5158632477,"(1.01623604863677e+02dB,9.00065429805575e+01°)"
19888.7269252097,"(1.01610373543232e+02dB,9.00065355480669e+01°)"
19918.9839477194,"(1.01597142138950e+02dB,9.00065281309764e+01°)"
19949.2870006972,"(1.01583910650716e+02dB,9.00065207288796e+01°)"
19979.63615417,"(1.01570679078417e+02dB,9.00065133419293e+01°)"
20010.0314782712,"(1.01557447421716e+02dB,9.00065059700018e+01°)"
20040.4730432408,"(1.01544215680322e+02dB,9.00064986132020e+01°)"
20070.9609194259,"(1.01530983854237e+02dB,9.00064912713925e+01°)"
20101.4951772803,"(1.01517751942672e+02dB,9.00064839446907e+01°)"
20132.0758873651,"(1.01504519945785e+02dB,9.00064766329493e+01°)"
20162.703120349,"(1.01491287863090e+02dB,9.00064693362553e+01°)"
20193.3769470078,"(1.01478055694709e+02dB,9.00064620547339e+01°)"
20224.0974382252,"(1.01464823439872e+02dB,9.00064547879164e+01°)"
20254.8646649928,"(1.01451591098761e+02dB,9.00064475362040e+01°)"
20285.67869841,"(1.01438358670686e+02dB,9.00064402993631e+01°)"
20316.5396096845,"(1.01425126155577e+02dB,9.00064330775084e+01°)"
20347.4474701323,"(1.01411893553265e+02dB,9.00064258705050e+01°)"
20378.4023511779,"(1.01398660863398e+02dB,9.00064186783610e+01°)"
20409.4043243544,"(1.01385428085863e+02dB,9.00064115012932e+01°)"
20440.4534613039,"(1.01372195220116e+02dB,9.00064043389082e+01°)"
20471.5498337772,"(1.01358962266108e+02dB,9.00063971913906e+01°)"
20502.6935136345,"(1.01345729223100e+02dB,9.00063900586988e+01°)"
20533.8845728453,"(1.01332496091449e+02dB,9.00063829408784e+01°)"
20565.1230834884,"(1.01319262870638e+02dB,9.00063758377729e+01°)"
20596.4091177525,"(1.01306029560328e+02dB,9.00063687495620e+01°)"
20627.742747936,"(1.01292796160603e+02dB,9.00063616758639e+01°)"
20659.1240464472,"(1.01279562670661e+02dB,9.00063546171758e+01°)"
20690.5530858047,"(1.01266329090344e+02dB,9.00063475731091e+01°)"
20722.0299386374,"(1.01253095419212e+02dB,9.00063405436597e+01°)"
20753.5546776847,"(1.01239861657568e+02dB,9.00063335290649e+01°)"
20785.1273757965,"(1.01226627805073e+02dB,9.00063265291165e+01°)"
20816.7481059338,"(1.01213393860912e+02dB,9.00063195438419e+01°)"
20848.4169411684,"(1.01200159825065e+02dB,9.00063125731560e+01°)"
20880.1339546832,"(1.01186925697258e+02dB,9.00063056170894e+01°)"
20911.8992197727,"(1.01173691477387e+02dB,9.00062986757711e+01°)"
20943.7128098427,"(1.01160457165070e+02dB,9.00062917489460e+01°)"
20975.5747984107,"(1.01147222759842e+02dB,9.00062848367304e+01°)"
21007.4852591061,"(1.01133988261313e+02dB,9.00062779390407e+01°)"
21039.4442656703,"(1.01120753669852e+02dB,9.00062710560994e+01°)"
21071.4518919569,"(1.01107518984501e+02dB,9.00062641873680e+01°)"
21103.5082119317,"(1.01094284205142e+02dB,9.00062573334748e+01°)"
21135.6132996733,"(1.01081049331702e+02dB,9.00062504938677e+01°)"
21167.7672293727,"(1.01067814363826e+02dB,9.00062436689263e+01°)"
21199.970075334,"(1.01054579300936e+02dB,9.00062368582936e+01°)"
21232.2219119742,"(1.01041344143106e+02dB,9.00062300622383e+01°)"
21264.5228138236,"(1.01028108889708e+02dB,9.00062232806054e+01°)"
21296.8728555259,"(1.01014873540859e+02dB,9.00062165134415e+01°)"
21329.2721118382,"(1.01001638096128e+02dB,9.00062097606396e+01°)"
21361.7206576315,"(1.00988402554678e+02dB,9.00062030221468e+01°)"
21394.2185678906,"(1.00975166917297e+02dB,9.00061962982235e+01°)"
21426.7659177144,"(1.00961931182385e+02dB,9.00061895885992e+01°)"
21459.3627823161,"(1.00948695350751e+02dB,9.00061828932223e+01°)"
21492.0092370233,"(1.00935459421522e+02dB,9.00061762123239e+01°)"
21524.7053572782,"(1.00922223394689e+02dB,9.00061695456367e+01°)"
21557.4512186377,"(1.00908987269594e+02dB,9.00061628933374e+01°)"
21590.2468967736,"(1.00895751046433e+02dB,9.00061562553171e+01°)"
21623.0924674731,"(1.00882514724377e+02dB,9.00061496314776e+01°)"
21655.9880066385,"(1.00869278303624e+02dB,9.00061430220127e+01°)"
21688.9335902875,"(1.00856041783499e+02dB,9.00061364267842e+01°)"
21721.9292945535,"(1.00842805163713e+02dB,9.00061298457902e+01°)"
21754.9751956858,"(1.00829568444185e+02dB,9.00061232789868e+01°)"
21788.0713700498,"(1.00816331624428e+02dB,9.00061167264217e+01°)"
21821.2178941267,"(1.00803094703977e+02dB,9.00061101879867e+01°)"
21854.4148445144,"(1.00789857683031e+02dB,9.00061036636590e+01°)"
21887.6622979272,"(1.00776620560984e+02dB,9.00060971536573e+01°)"
21920.9603311962,"(1.00763383337460e+02dB,9.00060906577264e+01°)"
21954.3090212691,"(1.00750146012313e+02dB,9.00060841759156e+01°)"
21987.7084452111,"(1.00736908585234e+02dB,9.00060777082754e+01°)"
22021.1586802043,"(1.00723671055515e+02dB,9.00060712546878e+01°)"
22054.6598035482,"(1.00710433423256e+02dB,9.00060648150977e+01°)"
22088.2118926602,"(1.00697195688154e+02dB,9.00060583896929e+01°)"
22121.8150250753,"(1.00683957849694e+02dB,9.00060519783376e+01°)"
22155.4692784463,"(1.00670719907593e+02dB,9.00060455809612e+01°)"
22189.1747305445,"(1.00657481861761e+02dB,9.00060391975787e+01°)"
22222.9314592591,"(1.00644243711451e+02dB,9.00060328283746e+01°)"
22256.739542598,"(1.00631005456515e+02dB,9.00060264730264e+01°)"
22290.599058688,"(1.00617767097036e+02dB,9.00060201316905e+01°)"
22324.5100857743,"(1.00604528632140e+02dB,9.00060138043028e+01°)"
22358.4727022214,"(1.00591290061726e+02dB,9.00060074908923e+01°)"
22392.4869865131,"(1.00578051385431e+02dB,9.00060011914505e+01°)"
22426.5530172523,"(1.00564812603038e+02dB,9.00059949059145e+01°)"
22460.6708731618,"(1.00551573714208e+02dB,9.00059886342496e+01°)"
22494.8406330839,"(1.00538334718547e+02dB,9.00059823765455e+01°)"
22529.0623759811,"(1.00525095615841e+02dB,9.00059761327082e+01°)"
22563.3361809358,"(1.00511856405452e+02dB,9.00059699027362e+01°)"
22597.6621271508,"(1.00498617087275e+02dB,9.00059636866439e+01°)"
22632.0402939495,"(1.00485377661081e+02dB,9.00059574843286e+01°)"
22666.4707607757,"(1.00472138126435e+02dB,9.00059512958933e+01°)"
22700.9536071943,"(1.00458898482636e+02dB,9.00059451212114e+01°)"
22735.4889128912,"(1.00445658730232e+02dB,9.00059389603403e+01°)"
22770.0767576734,"(1.00432418867924e+02dB,9.00059328133145e+01°)"
22804.7172214695,"(1.00419178896119e+02dB,9.00059266799601e+01°)"
22839.4103843297,"(1.00405938813884e+02dB,9.00059205604160e+01°)"
22874.1563264257,"(1.00392698621559e+02dB,9.00059144545949e+01°)"
22908.9551280514,"(1.00379458318104e+02dB,9.00059083625588e+01°)"
22943.8068696228,"(1.00366217903346e+02dB,9.00059022841569e+01°)"
22978.7116316783,"(1.00352977377434e+02dB,9.00058962195691e+01°)"
23013.6694948788,"(1.00339736739620e+02dB,9.00058901685957e+01°)"
23048.6805400078,"(1.00326495989506e+02dB,9.00058841312561e+01°)"
23083.7448479718,"(1.00313255126888e+02dB,9.00058781076360e+01°)"
23118.8624998004,"(1.00300014151451e+02dB,9.00058720975837e+01°)"
23154.0335766463,"(1.00286773062797e+02dB,9.00058661012573e+01°)"
23189.2581597859,"(1.00273531860670e+02dB,9.00058601186110e+01°)"
23224.5363306192,"(1.00260290544429e+02dB,9.00058541494421e+01°)"
23259.8681706698,"(1.00247049113761e+02dB,9.00058481938792e+01°)"
23295.2537615856,"(1.00233807568841e+02dB,9.00058422519078e+01°)"
23330.6931851386,"(1.00220565908910e+02dB,9.00058363235817e+01°)"
23366.1865232253,"(1.00207324133297e+02dB,9.00058304086822e+01°)"
23401.7338578665,"(1.00194082242419e+02dB,9.00058245074039e+01°)"
23437.3352712081,"(1.00180840235272e+02dB,9.00058186195988e+01°)"
23472.9908455209,"(1.00167598111832e+02dB,9.00058127452747e+01°)"
23508.7006632006,"(1.00154355871858e+02dB,9.00058068845468e+01°)"
23544.4648067687,"(1.00141113514310e+02dB,9.00058010372993e+01°)"
23580.2833588719,"(1.00127871039695e+02dB,9.00057952034516e+01°)"
23616.1564022827,"(1.00114628447183e+02dB,9.00057893831100e+01°)"
23652.0840198996,"(1.00101385736272e+02dB,9.00057835761998e+01°)"
23688.0662947472,"(1.00088142906950e+02dB,9.00057777826688e+01°)"
23724.1033099763,"(1.00074899958817e+02dB,9.00057720026517e+01°)"
23760.1951488642,"(1.00061656891449e+02dB,9.00057662359989e+01°)"
23796.3418948152,"(1.00048413704239e+02dB,9.00057604827246e+01°)"
23832.5436313601,"(1.00035170396866e+02dB,9.00057547428408e+01°)"
23868.8004421569,"(1.00021926969478e+02dB,9.00057490163476e+01°)"
23905.1124109909,"(1.00008683421183e+02dB,9.00057433031587e+01°)"
23941.479621775,"(9.99954397517246e+01dB,9.00057376033544e+01°)"
23977.9021585495,"(9.99821959609628e+01dB,9.00057319168882e+01°)"
24014.3801054826,"(9.99689520481660e+01dB,9.00057262436740e+01°)"
24050.9135468708,"(9.99557080133005e+01dB,9.00057205837555e+01°)"
24087.5025671385,"(9.99424638558829e+01dB,9.00057149372463e+01°)"
24124.1472508388,"(9.99292195749691e+01dB,9.00057093039414e+01°)"
24160.8476826533,"(9.99159751713184e+01dB,9.00057036839152e+01°)"
24197.6039473924,"(9.99027306434339e+01dB,9.00056980771085e+01°)"
24234.4161299956,"(9.98894859917085e+01dB,9.00056924835682e+01°)"
24271.2843155316,"(9.98762412152771e+01dB,9.00056869032036e+01°)"
24308.2085891986,"(9.98629963141297e+01dB,9.00056813361152e+01°)"
24345.1890363242,"(9.98497512878637e+01dB,9.00056757822389e+01°)"
24382.225742366,"(9.98365061355656e+01dB,9.00056702415316e+01°)"
24419.3187929115,"(9.98232608573340e+01dB,9.00056647139907e+01°)"
24456.4682736785,"(9.98100154526848e+01dB,9.00056591996086e+01°)"
24493.6742705151,"(9.97967699214158e+01dB,9.00056536983740e+01°)"
24530.9368694001,"(9.97835242626878e+01dB,9.00056482103102e+01°)"
24568.2561564431,"(9.97702784764530e+01dB,9.00056427353673e+01°)"
24605.6322178845,"(9.97570325624891e+01dB,9.00056372735459e+01°)"
24643.0651400962,"(9.97437865198010e+01dB,9.00056318248478e+01°)"
24680.5550095814,"(9.97305403483325e+01dB,9.00056263891425e+01°)"
24718.1019129746,"(9.97172940478639e+01dB,9.00056209665485e+01°)"
24755.7059370426,"(9.97040476175835e+01dB,9.00056155570538e+01°)"
24793.3671686839,"(9.96908010577537e+01dB,9.00056101606581e+01°)"
24831.0856949291,"(9.96775543672745e+01dB,9.00056047772674e+01°)"
24868.8616029416,"(9.96643075459806e+01dB,9.00055994068747e+01°)"
24906.6949800169,"(9.96510605936169e+01dB,9.00055940494863e+01°)"
24944.5859135838,"(9.96378135098686e+01dB,9.00055887051629e+01°)"
24982.5344912036,"(9.96245662939376e+01dB,9.00055833738025e+01°)"
25020.5408005713,"(9.96113189455933e+01dB,9.00055780554571e+01°)"
25058.604929515,"(9.95980714642917e+01dB,9.00055727500540e+01°)"
25096.7269659965,"(9.95848238501993e+01dB,9.00055674575885e+01°)"
25134.9069981114,"(9.95715761023092e+01dB,9.00055621781121e+01°)"
25173.1451140894,"(9.95583282204130e+01dB,9.00055569115462e+01°)"
25211.4414022943,"(9.95450802040251e+01dB,9.00055516578952e+01°)"
25249.7959512244,"(9.95318320527327e+01dB,9.00055464171632e+01°)"
25288.2088495127,"(9.95185837664075e+01dB,9.00055411893059e+01°)"
25326.6801859268,"(9.95053353443246e+01dB,9.00055359743296e+01°)"
25365.2100493697,"(9.94920867861410e+01dB,9.00055307723302e+01°)"
25403.7985288793,"(9.94788380914507e+01dB,9.00055255830740e+01°)"
25442.4457136293,"(9.94655892598332e+01dB,9.00055204067440e+01°)"
25481.1516929287,"(9.94523402906687e+01dB,9.00055152432312e+01°)"
25519.9165562225,"(9.94390911841010e+01dB,9.00055100925384e+01°)"
25558.7403930921,"(9.94258419392224e+01dB,9.00055049546812e+01°)"
25597.6232932546,"(9.94125925555583e+01dB,9.00054998295915e+01°)"
25636.565346564,"(9.93993430329468e+01dB,9.00054947173888e+01°)"
25675.5666430109,"(9.93860933710431e+01dB,9.00054896178941e+01°)"
25714.6272727228,"(9.93728435689368e+01dB,9.00054845311951e+01°)"
25753.7473259642,"(9.93595936267378e+01dB,9.00054794572013e+01°)"
25792.9268931372,"(9.93463435438353e+01dB,9.00054743960063e+01°)"
25832.166064781,"(9.93330933196063e+01dB,9.00054693475723e+01°)"
25871.464931573,"(9.93198429535196e+01dB,9.00054643118055e+01°)"
25910.8235843282,"(9.93065924455279e+01dB,9.00054592887629e+01°)"
25950.242114,"(9.92933417952622e+01dB,9.00054542785240e+01°)"
25989.72061168,"(9.92800910019043e+01dB,9.00054492808871e+01°)"
26029.2591685984,"(9.92668400652039e+01dB,9.00054442959394e+01°)"
26068.8578761243,"(9.92535889845283e+01dB,9.00054393236405e+01°)"
26108.5168257658,"(9.92403377598089e+01dB,9.00054343640448e+01°)"
26148.23610917,"(9.92270863903157e+01dB,9.00054294171535e+01°)"
26188.0158181236,"(9.92138348756559e+01dB,9.00054244827850e+01°)"
26227.856044553,"(9.92005832155596e+01dB,9.00054195610900e+01°)"
26267.7568805243,"(9.91873314090463e+01dB,9.00054146520551e+01°)"
26307.7184182437,"(9.91740794564102e+01dB,9.00054097555417e+01°)"
26347.7407500577,"(9.91608273566754e+01dB,9.00054048716680e+01°)"
26387.8239684533,"(9.91475751095475e+01dB,9.00054000003671e+01°)"
26427.9681660582,"(9.91343227143892e+01dB,9.00053951416261e+01°)"
26468.1734356409,"(9.91210701713821e+01dB,9.00053902954946e+01°)"
26508.4398701112,"(9.91078174792146e+01dB,9.00053854618415e+01°)"
26548.7675625202,"(9.90945646379653e+01dB,9.00053806408000e+01°)"
26589.1566060605,"(9.90813116472032e+01dB,9.00053758322369e+01°)"
26629.6070940665,"(9.90680585061668e+01dB,9.00053710362414e+01°)"
26670.1191200146,"(9.90548052146075e+01dB,9.00053662527234e+01°)"
26710.6927775235,"(9.90415517716447e+01dB,9.00053614816764e+01°)"
26751.328160354,"(9.90282981774912e+01dB,9.00053567231825e+01°)"
26792.02536241,"(9.90150444314505e+01dB,9.00053519771230e+01°)"
26832.7844777379,"(9.90017905326645e+01dB,9.00053472435200e+01°)"
26873.6056005274,"(9.89885364808587e+01dB,9.00053425223404e+01°)"
26914.4888251113,"(9.89752822758714e+01dB,9.00053378137379e+01°)"
26955.434245966,"(9.89620279171251e+01dB,9.00053331174408e+01°)"
26996.4419577118,"(9.89487734039345e+01dB,9.00053284336023e+01°)"
27037.5120551125,"(9.89355187361489e+01dB,9.00053237622108e+01°)"
27078.6446330766,"(9.89222639126534e+01dB,9.00053191031750e+01°)"
27119.8397866566,"(9.89090089335808e+01dB,9.00053144565657e+01°)"
27161.0976110497,"(9.88957537982504e+01dB,9.00053098223103e+01°)"
27202.4182015981,"(9.88824985062460e+01dB,9.00053052004133e+01°)"
27243.8016537888,"(9.88692430569380e+01dB,9.00053005909058e+01°)"
27285.2480632542,"(9.88559874499203e+01dB,9.00052959938094e+01°)"
27326.7575257721,"(9.88427316847517e+01dB,9.00052914090261e+01°)"
27368.3301372662,"(9.88294757609783e+01dB,9.00052868365325e+01°)"
27409.9659938059,"(9.88162196781137e+01dB,9.00052822763691e+01°)"
27451.6651916069,"(9.88029634353496e+01dB,9.00052777284939e+01°)"
27493.4278270312,"(9.87897070326127e+01dB,9.00052731929624e+01°)"
27535.2539965874,"(9.87764504692306e+01dB,9.00052686696732e+01°)"
27577.1437969309,"(9.87631937447368e+01dB,9.00052641587583e+01°)"
27619.0973248643,"(9.87499368586678e+01dB,9.00052596600816e+01°)"
27661.1146773373,"(9.87366798103337e+01dB,9.00052551736210e+01°)"
27703.1959514471,"(9.87234225992498e+01dB,9.00052506994652e+01°)"
27745.3412444387,"(9.87101652252275e+01dB,9.00052462375216e+01°)"
27787.550653705,"(9.86969076875652e+01dB,9.00052417878135e+01°)"
27829.824276787,"(9.86836499861141e+01dB,9.00052373503319e+01°)"
27872.1622113743,"(9.86703921194862e+01dB,9.00052329250206e+01°)"
27914.5645553048,"(9.86571340880287e+01dB,9.00052285119782e+01°)"
27957.0314065655,"(9.86438758907351e+01dB,9.00052241110684e+01°)"
27999.5628632923,"(9.86306175275868e+01dB,9.00052197224016e+01°)"
28042.1590237707,"(9.86173589974179e+01dB,9.00052153458972e+01°)"
28084.8199864352,"(9.86041003003554e+01dB,9.00052109815188e+01°)"
28127.5458498706,"(9.85908414355968e+01dB,9.00052066293557e+01°)"
28170.3367128113,"(9.85775824022327e+01dB,9.00052022892734e+01°)"
28213.192674142,"(9.85643232004850e+01dB,9.00051979613606e+01°)"
28256.113832898,"(9.85510638293786e+01dB,9.00051936455529e+01°)"
28299.100288265,"(9.85378042886376e+01dB,9.00051893418900e+01°)"
28342.1521395799,"(9.85245445776383e+01dB,9.00051850503166e+01°)"
28385.2694863304,"(9.85112846954819e+01dB,9.00051807708559e+01°)"
28428.4524281557,"(9.84980246422406e+01dB,9.00051765034758e+01°)"
28471.7010648466,"(9.84847644171660e+01dB,9.00051722481602e+01°)"
28515.0154963458,"(9.84715040195186e+01dB,9.00051680049348e+01°)"
28558.3958227478,"(9.84582434489454e+01dB,9.00051637737765e+01°)"
28601.8421442997,"(9.84449827050053e+01dB,9.00051595546757e+01°)"
28645.3545614007,"(9.84317217869579e+01dB,9.00051553475982e+01°)"
28688.9331746031,"(9.84184606945650e+01dB,9.00051511525562e+01°)"
28732.578084612,"(9.84051994269624e+01dB,9.00051469695363e+01°)"
28776.2893922858,"(9.83919379837808e+01dB,9.00051427985663e+01°)"
28820.0671986361,"(9.83786763642882e+01dB,9.00051386395380e+01°)"
28863.9116048286,"(9.83654145682222e+01dB,9.00051344925397e+01°)"
28907.8227121824,"(9.83521525950181e+01dB,9.00051303575317e+01°)"
28951.8006221712,"(9.83388904438958e+01dB,9.00051262345148e+01°)"
28995.8454364228,"(9.83256281147596e+01dB,9.00051221234534e+01°)"
29039.9572567196,"(9.83123656062012e+01dB,9.00051180243127e+01°)"
29084.1361849989,"(9.82991029186157e+01dB,9.00051139371686e+01°)"
29128.3823233532,"(9.82858400508166e+01dB,9.00051098620113e+01°)"
29172.6957740302,"(9.82725770025083e+01dB,9.00051057987372e+01°)"
29217.0766394331,"(9.82593137731264e+01dB,9.00051017474026e+01°)"
29261.5250221209,"(9.82460503621497e+01dB,9.00050977079561e+01°)"
29306.0410248089,"(9.82327867688442e+01dB,9.00050936804270e+01°)"
29350.6247503681,"(9.82195229928464e+01dB,9.00050896648320e+01°)"
29395.2763018266,"(9.82062590335502e+01dB,9.00050856610273e+01°)"
29439.9957823689,"(9.81929948902254e+01dB,9.00050816692359e+01°)"
29484.7832953365,"(9.81797305624927e+01dB,9.00050776892443e+01°)"
29529.6389442282,"(9.81664660494626e+01dB,9.00050737211402e+01°)"
29574.5628327002,"(9.81532013512391e+01dB,9.00050697649172e+01°)"
29619.5550645664,"(9.81399364665231e+01dB,9.00050658204948e+01°)"
29664.6157437987,"(9.81266713950965e+01dB,9.00050618879428e+01°)"
29709.744974527,"(9.81134061365287e+01dB,9.00050579672031e+01°)"
29754.9428610399,"(9.81001406898535e+01dB,9.00050540583020e+01°)"
29800.2095077843,"(9.80868750546059e+01dB,9.00050501612102e+01°)"
29845.5450193664,"(9.80736092305756e+01dB,9.00050462758738e+01°)"
29890.9495005511,"(9.80603432165684e+01dB,9.00050424024075e+01°)"
29936.4230562631,"(9.80470770124502e+01dB,9.00050385407073e+01°)"
29981.9657915864,"(9.80338106176895e+01dB,9.00050346907823e+01°)"
30027.5778117651,"(9.80205440312881e+01dB,9.00050308526152e+01°)"
30073.2592222032,"(9.80072772528456e+01dB,9.00050270262418e+01°)"
30119.0101284651,"(9.79940102820314e+01dB,9.00050232115725e+01°)"
30164.8306362761,"(9.79807431177408e+01dB,9.00050194087293e+01°)"
30210.7208515218,"(9.79674757597627e+01dB,9.00050156175741e+01°)"
30256.6808802494,"(9.79542082075269e+01dB,9.00050118381644e+01°)"
30302.7108286672,"(9.79409404600256e+01dB,9.00050080704464e+01°)"
30348.8108031449,"(9.79276725170628e+01dB,9.00050043144596e+01°)"
30394.9809102144,"(9.79144043780437e+01dB,9.00050005702135e+01°)"
30441.2212565694,"(9.79011360420195e+01dB,9.00049968376232e+01°)"
30487.531949066,"(9.78878675087945e+01dB,9.00049931167761e+01°)"
30533.9130947228,"(9.78745987774195e+01dB,9.00049894075967e+01°)"
30580.3648007214,"(9.78613298473900e+01dB,9.00049857100575e+01°)"
30626.8871744062,"(9.78480607181209e+01dB,9.00049820241929e+01°)"
30673.480323285,"(9.78347913891090e+01dB,9.00049783500061e+01°)"
30720.1443550293,"(9.78215218595994e+01dB,9.00049746874951e+01°)"
30766.8793774742,"(9.78082521288371e+01dB,9.00049710365526e+01°)"
30813.685498619,"(9.77949821966564e+01dB,9.00049673973389e+01°)"
30860.5628266272,"(9.77817120619355e+01dB,9.00049637696872e+01°)"
30907.5114698268,"(9.77684417242336e+01dB,9.00049601537071e+01°)"
30954.5315367108,"(9.77551711830686e+01dB,9.00049565493099e+01°)"
31001.6231359371,"(9.77419004377218e+01dB,9.00049529565094e+01°)"
31048.7863763288,"(9.77286294872619e+01dB,9.00049493753227e+01°)"
31096.021366875,"(9.77153583315832e+01dB,9.00049458057398e+01°)"
31143.32821673,"(9.77020869696313e+01dB,9.00049422477067e+01°)"
31190.7070352146,"(9.76888154010235e+01dB,9.00049387012730e+01°)"
31238.1579318158,"(9.76755436250936e+01dB,9.00049351663782e+01°)"
31285.6810161871,"(9.76622716410292e+01dB,9.00049316430794e+01°)"
31333.2763981488,"(9.76489994483516e+01dB,9.00049281312853e+01°)"
31380.9441876883,"(9.76357270463074e+01dB,9.00049246310812e+01°)"
31428.6844949605,"(9.76224544343792e+01dB,9.00049211424107e+01°)"
31476.4974302876,"(9.76091816116869e+01dB,9.00049176652654e+01°)"
31524.3831041598,"(9.75959085779249e+01dB,9.00049141996655e+01°)"
31572.3416272353,"(9.75826353322213e+01dB,9.00049107455494e+01°)"
31620.3731103409,"(9.75693618738059e+01dB,9.00049073029442e+01°)"
31668.4776644715,"(9.75560882022023e+01dB,9.00049038718461e+01°)"
31716.6554007914,"(9.75428143169462e+01dB,9.00049004522433e+01°)"
31764.9064306337,"(9.75295402170883e+01dB,9.00048970441525e+01°)"
31813.2308655009,"(9.75162659018615e+01dB,9.00048936475093e+01°)"
31861.6288170653,"(9.75029913708055e+01dB,9.00048902623791e+01°)"
31910.1003971688,"(9.74897166230837e+01dB,9.00048868886603e+01°)"
31958.6457178238,"(9.74764416584167e+01dB,9.00048835264359e+01°)"
32007.2648912128,"(9.74631664757884e+01dB,9.00048801756681e+01°)"
32055.9580296891,"(9.74498910746840e+01dB,9.00048768363266e+01°)"
32104.7252457769,"(9.74366154541476e+01dB,9.00048735084360e+01°)"
32153.5666521716,"(9.74233396137875e+01dB,9.00048701919807e+01°)"
32202.4823617401,"(9.74100635528916e+01dB,9.00048668869314e+01°)"
32251.472487521,"(9.73967872708041e+01dB,9.00048635933176e+01°)"
32300.5371427246,"(9.73835107667233e+01dB,9.00048603110995e+01°)"
32349.6764407339,"(9.73702340400955e+01dB,9.00048570402996e+01°)"
32398.8904951039,"(9.73569570898281e+01dB,9.00048537808921e+01°)"
32448.1794195627,"(9.73436799158947e+01dB,9.00048505328636e+01°)"
32497.5433280113,"(9.73304025172428e+01dB,9.00048472962667e+01°)"
32546.982334524,"(9.73171248928706e+01dB,9.00048440709939e+01°)"
32596.4965533486,"(9.73038470426720e+01dB,9.00048408571177e+01°)"
32646.0860989068,"(9.72905689655646e+01dB,9.00048376545581e+01°)"
32695.7510857942,"(9.72772906611237e+01dB,9.00048344634425e+01°)"
32745.4916287808,"(9.72640121282609e+01dB,9.00048312836211e+01°)"
32795.3078428114,"(9.72507333665974e+01dB,9.00048281151374e+01°)"
32845.1998430055,"(9.72374543753950e+01dB,9.00048249580247e+01°)"
32895.1677446576,"(9.72241751538840e+01dB,9.00048218122101e+01°)"
32945.2116632378,"(9.72108957012737e+01dB,9.00048186777701e+01°)"
32995.3317143919,"(9.71976160167420e+01dB,9.00048155546047e+01°)"
33045.5280139414,"(9.71843361000487e+01dB,9.00048124427833e+01°)"
33095.8006778842,"(9.71710559501241e+01dB,9.00048093422463e+01°)"
33146.1498223947,"(9.71577755660380e+01dB,9.00048062530008e+01°)"
33196.5755638238,"(9.71444949476424e+01dB,9.00048031750491e+01°)"
33247.0780186997,"(9.71312140936831e+01dB,9.00048001083903e+01°)"
33297.6573037276,"(9.71179330036972e+01dB,9.00047970530395e+01°)"
33348.3135357904,"(9.71046516769435e+01dB,9.00047940089553e+01°)"
33399.0468319489,"(9.70913701125078e+01dB,9.00047909760991e+01°)"
33449.8573094418,"(9.70780883101016e+01dB,9.00047879545482e+01°)"
33500.7450856863,"(9.70648062683210e+01dB,9.00047849442267e+01°)"
33551.7102782781,"(9.70515239870798e+01dB,9.00047819451632e+01°)"
33602.7530049918,"(9.70382414651007e+01dB,9.00047789573636e+01°)"
33653.8733837814,"(9.70249587020081e+01dB,9.00047759807566e+01°)"
33705.0715327801,"(9.70116756968458e+01dB,9.00047730154199e+01°)"
33756.3475703008,"(9.69983924489169e+01dB,9.00047700613081e+01°)"
33807.7016148367,"(9.69851089575329e+01dB,9.00047671183765e+01°)"
33859.1337850609,"(9.69718252221265e+01dB,9.00047641867373e+01°)"
33910.6441998273,"(9.69585412415348e+01dB,9.00047612662627e+01°)"
33962.2329781704,"(9.69452570152311e+01dB,9.00047583569851e+01°)"
34013.900239306,"(9.69319725423266e+01dB,9.00047554589199e+01°)"
34065.6461026311,"(9.69186878221860e+01dB,9.00047525720439e+01°)"
34117.4706877245,"(9.69054028540761e+01dB,9.00047496963256e+01°)"
34169.3741143467,"(9.68921176370385e+01dB,9.00047468317963e+01°)"
34221.3565024405,"(9.68788321704288e+01dB,9.00047439784495e+01°)"
34273.4179721314,"(9.68655464534843e+01dB,9.00047411362966e+01°)"
34325.5586437272,"(9.68522604854064e+01dB,9.00047383052722e+01°)"
34377.7786377191,"(9.68389742654397e+01dB,9.00047354853937e+01°)"
34430.0780747813,"(9.68256877927257e+01dB,9.00047326766906e+01°)"
34482.457075772,"(9.68124010666507e+01dB,9.00047298791458e+01°)"
34534.9157617328,"(9.67991140862080e+01dB,9.00047270927420e+01°)"
34587.4542538898,"(9.67858268507414e+01dB,9.00047243174562e+01°)"
34640.0726736533,"(9.67725393595784e+01dB,9.00047215533113e+01°)"
34692.7711426184,"(9.67592516116288e+01dB,9.00047188002682e+01°)"
34745.5497825652,"(9.67459636062475e+01dB,9.00047160583753e+01°)"
34798.408715459,"(9.67326753426757e+01dB,9.00047133275857e+01°)"
34851.3480634506,"(9.67193868200906e+01dB,9.00047106079046e+01°)"
34904.3679488768,"(9.67060980377790e+01dB,9.00047078993079e+01°)"
34957.4684942605,"(9.66928089947581e+01dB,9.00047052018325e+01°)"
35010.6498223108,"(9.66795196902519e+01dB,9.00047025154534e+01°)"
35063.9120559236,"(9.66662301235875e+01dB,9.00046998401274e+01°)"
35117.2553181818,"(9.66529402938328e+01dB,9.00046971759028e+01°)"
35170.6797323555,"(9.66396502001425e+01dB,9.00046945227652e+01°)"
35224.1854219023,"(9.66263598418357e+01dB,9.00046918807072e+01°)"
35277.7725104678,"(9.66130692180405e+01dB,9.00046892496853e+01°)"
35331.4411218854,"(9.65997783278429e+01dB,9.00046866297475e+01°)"
35385.1913801772,"(9.65864871705159e+01dB,9.00046840208545e+01°)"
35439.0234095537,"(9.65731957451457e+01dB,9.00046814230246e+01°)"
35492.9373344145,"(9.65599040510410e+01dB,9.00046788362553e+01°)"
35546.9332793486,"(9.65466120872487e+01dB,9.00046762605092e+01°)"
35601.0113691342,"(9.65333198529304e+01dB,9.00046736957929e+01°)"
35655.1717287396,"(9.65200273473491e+01dB,9.00046711421128e+01°)"
35709.4144833231,"(9.65067345696292e+01dB,9.00046685994833e+01°)"
35763.7397582335,"(9.64934415187977e+01dB,9.00046660678415e+01°)"
35818.1476790101,"(9.64801481941797e+01dB,9.00046635472616e+01°)"
35872.6383713834,"(9.64668545947995e+01dB,9.00046610376664e+01°)"
35927.2119612751,"(9.64535607199526e+01dB,9.00046585390771e+01°)"
35981.8685747985,"(9.64402665686686e+01dB,9.00046560514978e+01°)"
36036.6083382585,"(9.64269721400354e+01dB,9.00046535749203e+01°)"
36091.4313781526,"(9.64136774333000e+01dB,9.00046511093373e+01°)"
36146.3378211704,"(9.64003824476123e+01dB,9.00046486547347e+01°)"
36201.3277941943,"(9.63870871820217e+01dB,9.00046462111221e+01°)"
36256.4014242998,"(9.63737916357636e+01dB,9.00046437784911e+01°)"
36311.5588387558,"(9.63604958078111e+01dB,9.00046413568458e+01°)"
36366.8001650245,"(9.63471996974437e+01dB,9.00046389461768e+01°)"
36422.1255307624,"(9.63339033037738e+01dB,9.00046365464602e+01°)"
36477.5350638199,"(9.63206066257576e+01dB,9.00046341577134e+01°)"
36533.0288922421,"(9.63073096627473e+01dB,9.00046317799210e+01°)"
36588.6071442688,"(9.62940124136304e+01dB,9.00046294130813e+01°)"
36644.2699483349,"(9.62807148776809e+01dB,9.00046270571929e+01°)"
36700.0174330706,"(9.62674170539288e+01dB,9.00046247122432e+01°)"
36755.8497273021,"(9.62541189415709e+01dB,9.00046223782722e+01°)"
36811.7669600513,"(9.62408205396889e+01dB,9.00046200552125e+01°)"
36867.7692605363,"(9.62275218472738e+01dB,9.00046177430913e+01°)"
36923.8567581722,"(9.62142228634949e+01dB,9.00046154418698e+01°)"
36980.0295825705,"(9.62009235875016e+01dB,9.00046131516182e+01°)"
37036.2878635402,"(9.61876240182285e+01dB,9.00046108722594e+01°)"
37092.6317310877,"(9.61743241549662e+01dB,9.00046086038209e+01°)"
37149.0613154171,"(9.61610239966496e+01dB,9.00046063463066e+01°)"
37205.5767469307,"(9.61477235423911e+01dB,9.00046040996823e+01°)"
37262.178156229,"(9.61344227913546e+01dB,9.00046018639838e+01°)"
37318.8656741115,"(9.61211217425896e+01dB,9.00045996391781e+01°)"
37375.6394315764,"(9.61078203950956e+01dB,9.00045974252615e+01°)"
37432.4995598212,"(9.60945187479683e+01dB,9.00045952222538e+01°)"
37489.4461902433,"(9.60812168003918e+01dB,9.00045930301248e+01°)"
37546.4794544396,"(9.60679145513158e+01dB,9.00045908488772e+01°)"
37603.5994842074,"(9.60546119997467e+01dB,9.00045886785338e+01°)"
37660.8064115445,"(9.60413091449507e+01dB,9.00045865190556e+01°)"
37718.1003686496,"(9.60280059857355e+01dB,9.00045843704369e+01°)"
37775.4814879222,"(9.60147025213882e+01dB,9.00045822327077e+01°)"
37832.9499019636,"(9.60013987508403e+01dB,9.00045801058281e+01°)"
37890.5057435765,"(9.59880946730199e+01dB,9.00045779898471e+01°)"
37948.149145766,"(9.59747902872794e+01dB,9.00045758846943e+01°)"
38005.8802417392,"(9.59614855924811e+01dB,9.00045737904059e+01°)"
38063.699164906,"(9.59481805875346e+01dB,9.00045717069566e+01°)"
38121.6060488793,"(9.59348752717353e+01dB,9.00045696343815e+01°)"
38179.6010274751,"(9.59215696439393e+01dB,9.00045675726249e+01°)"
38237.6842347132,"(9.59082637033082e+01dB,9.00045655217449e+01°)"
38295.8558048171,"(9.58949574486842e+01dB,9.00045634816702e+01°)"
38354.1158722146,"(9.58816508793346e+01dB,9.00045614524635e+01°)"
38412.464571538,"(9.58683439940678e+01dB,9.00045594340630e+01°)"
38470.9020376244,"(9.58550367919292e+01dB,9.00045574264924e+01°)"
38529.428405516,"(9.58417292721156e+01dB,9.00045554297679e+01°)"
38588.0438104604,"(9.58284214333951e+01dB,9.00045534438450e+01°)"
38646.7483879111,"(9.58151132749138e+01dB,9.00045514687450e+01°)"
38705.5422735276,"(9.58018047956447e+01dB,9.00045495044854e+01°)"
38764.4256031758,"(9.57884959946110e+01dB,9.00045475509998e+01°)"
38823.3985129282,"(9.57751868708581e+01dB,9.00045456083516e+01°)"
38882.4611390643,"(9.57618774232509e+01dB,9.00045436765003e+01°)"
38941.6136180711,"(9.57485676508691e+01dB,9.00045417554542e+01°)"
39000.8560866432,"(9.57352575527497e+01dB,9.00045398452101e+01°)"
39060.188681683,"(9.57219471277546e+01dB,9.00045379457619e+01°)"
39119.6115403012,"(9.57086363749437e+01dB,9.00045360571148e+01°)"
39179.1247998173,"(9.56953252932130e+01dB,9.00045341792521e+01°)"
39238.7285977595,"(9.56820138817417e+01dB,9.00045323121761e+01°)"
39298.4230718653,"(9.56687021392451e+01dB,9.00045304558783e+01°)"
39358.2083600816,"(9.56553900649378e+01dB,9.00045286103747e+01°)"
39418.0846005655,"(9.56420776576009e+01dB,9.00045267756617e+01°)"
39478.0519316839,"(9.56287649162581e+01dB,9.00045249517133e+01°)"
39538.1104920144,"(9.56154518398683e+01dB,9.00045231385450e+01°)"
39598.2604203454,"(9.56021384273335e+01dB,9.00045213361298e+01°)"
39658.5018556765,"(9.55888246777901e+01dB,9.00045195445177e+01°)"
39718.8349372186,"(9.55755105900004e+01dB,9.00045177636446e+01°)"
39779.2598043945,"(9.55621961629377e+01dB,9.00045159935315e+01°)"
39839.7765968391,"(9.55488813957097e+01dB,9.00045142342012e+01°)"
39900.3854543996,"(9.55355662869784e+01dB,9.00045124856036e+01°)"
39961.0865171362,"(9.55222508359441e+01dB,9.00045107477967e+01°)"
40021.879925322,"(9.55089350413730e+01dB,9.00045090207203e+01°)"
40082.7658194435,"(9.54956189023419e+01dB,9.00045073044042e+01°)"
40143.744340201,"(9.54823024175664e+01dB,9.00045055988221e+01°)"
40204.8156285088,"(9.54689855861589e+01dB,9.00045039040089e+01°)"
40265.9798254955,"(9.54556684069706e+01dB,9.00045022199257e+01°)"
40327.2370725046,"(9.54423508789436e+01dB,9.00045005465944e+01°)"
40388.5875110945,"(9.54290330009223e+01dB,9.00044988840009e+01°)"
40450.0312830389,"(9.54157147718337e+01dB,9.00044972321426e+01°)"
40511.5685303273,"(9.54023961906401e+01dB,9.00044955910149e+01°)"
40573.1993951651,"(9.53890772562488e+01dB,9.00044939606260e+01°)"
40634.9240199742,"(9.53757579674966e+01dB,9.00044923409709e+01°)"
40696.742547393,"(9.53624383233024e+01dB,9.00044907320362e+01°)"
40758.655120277,"(9.53491183225462e+01dB,9.00044891338333e+01°)"
40820.661881699,"(9.53357979641048e+01dB,9.00044875463524e+01°)"
40882.7629749494,"(9.53224772469503e+01dB,9.00044859696098e+01°)"
40944.9585435367,"(9.53091561699443e+01dB,9.00044844035565e+01°)"
41007.2487311876,"(9.52958347317812e+01dB,9.00044828482391e+01°)"
41069.6336818476,"(9.52825129315656e+01dB,9.00044813036300e+01°)"
41132.1135396811,"(9.52691907681254e+01dB,9.00044797697530e+01°)"
41194.6884490717,"(9.52558682401474e+01dB,9.00044782465796e+01°)"
41257.358554623,"(9.52425453467669e+01dB,9.00044767341043e+01°)"
41320.1240011581,"(9.52292220866184e+01dB,9.00044752323534e+01°)"
41382.9849337209,"(9.52158984587000e+01dB,9.00044737413210e+01°)"
41445.9414975757,"(9.52025744617391e+01dB,9.00044722609581e+01°)"
41508.9938382078,"(9.51892500947155e+01dB,9.00044707913246e+01°)"
41572.1421013239,"(9.51759253564158e+01dB,9.00044693324014e+01°)"
41635.3864328522,"(9.51626002456462e+01dB,9.00044678841547e+01°)"
41698.7269789432,"(9.51492747613421e+01dB,9.00044664466362e+01°)"
41762.1638859696,"(9.51359489021700e+01dB,9.00044650197959e+01°)"
41825.6973005266,"(9.51226226671566e+01dB,9.00044636036562e+01°)"
41889.3273694326,"(9.51092960549590e+01dB,9.00044621982000e+01°)"
41953.0542397295,"(9.50959690645361e+01dB,9.00044608034442e+01°)"
42016.8780586825,"(9.50826416946052e+01dB,9.00044594193764e+01°)"
42080.7989737812,"(9.50693139440353e+01dB,9.00044580460038e+01°)"
42144.8171327394,"(9.50559858116023e+01dB,9.00044566833244e+01°)"
42208.9326834957,"(9.50426572961204e+01dB,9.00044553313247e+01°)"
42273.1457742137,"(9.50293283964687e+01dB,9.00044539900079e+01°)"
42337.4565532824,"(9.50159991113294e+01dB,9.00044526593894e+01°)"
42401.8651693166,"(9.50026694396394e+01dB,9.00044513394459e+01°)"
42466.3717711572,"(9.49893393800551e+01dB,9.00044500301819e+01°)"
42530.9765078714,"(9.49760089314481e+01dB,9.00044487316030e+01°)"
42595.6795287533,"(9.49626780925653e+01dB,9.00044474436946e+01°)"
42660.4809833242,"(9.49493468621522e+01dB,9.00044461664800e+01°)"
42725.3810213327,"(9.49360152390695e+01dB,9.00044448999359e+01°)"
42790.3797927552,"(9.49226832219980e+01dB,9.00044436440701e+01°)"
42855.4774477964,"(9.49093508098749e+01dB,9.00044423988873e+01°)"
42920.6741368896,"(9.48960180012281e+01dB,9.00044411643604e+01°)"
42985.9700106966,"(9.48826847949925e+01dB,9.00044399405214e+01°)"
43051.3652201086,"(9.48693511898315e+01dB,9.00044387273543e+01°)"
43116.8599162466,"(9.48560171844952e+01dB,9.00044375248548e+01°)"
43182.454250461,"(9.48426827779169e+01dB,9.00044363330395e+01°)"
43248.1483743329,"(9.48293479685675e+01dB,9.00044351518603e+01°)"
43313.9424396738,"(9.48160127553545e+01dB,9.00044339813813e+01°)"
43379.8365985261,"(9.48026771370591e+01dB,9.00044328215725e+01°)"
43445.8310031636,"(9.47893411122126e+01dB,9.00044316724137e+01°)"
43511.9258060918,"(9.47760046797700e+01dB,9.00044305339284e+01°)"
43578.1211600481,"(9.47626678383271e+01dB,9.00044294061198e+01°)"
43644.4172180023,"(9.47493305865399e+01dB,9.00044282889827e+01°)"
43710.8141331569,"(9.47359929233164e+01dB,9.00044271824952e+01°)"
43777.3120589476,"(9.47226548472533e+01dB,9.00044260866846e+01°)"
43843.9111490433,"(9.47093163570666e+01dB,9.00044250015231e+01°)"
43910.6115573468,"(9.46959774514091e+01dB,9.00044239270310e+01°)"
43977.4134379951,"(9.46826381291082e+01dB,9.00044228631998e+01°)"
44044.3169453595,"(9.46692983887271e+01dB,9.00044218100355e+01°)"
44111.3222340465,"(9.46559582290686e+01dB,9.00044207675415e+01°)"
44178.4294588973,"(9.46426176487564e+01dB,9.00044197357081e+01°)"
44245.6387749891,"(9.46292766464937e+01dB,9.00044187145321e+01°)"
44312.9503376348,"(9.46159352209721e+01dB,9.00044177040136e+01°)"
44380.3643023837,"(9.46025933707621e+01dB,9.00044167041746e+01°)"
44447.8808250216,"(9.45892510947120e+01dB,9.00044157149728e+01°)"
44515.5000615714,"(9.45759083913474e+01dB,9.00044147364519e+01°)"
44583.2221682933,"(9.45625652593690e+01dB,9.00044137685814e+01°)"
44651.0473016853,"(9.45492216975166e+01dB,9.00044128113801e+01°)"
44718.9756184835,"(9.45358777043327e+01dB,9.00044118648320e+01°)"
44787.0072756622,"(9.45225332784599e+01dB,9.00044109289515e+01°)"
44855.1424304349,"(9.45091884186547e+01dB,9.00044100037301e+01°)"
44923.3812402539,"(9.44958431234307e+01dB,9.00044090891678e+01°)"
44991.7238628114,"(9.44824973915555e+01dB,9.00044081852660e+01°)"
45060.170456039,"(9.44691512215345e+01dB,9.00044072920403e+01°)"
45128.7211781091,"(9.44558046120474e+01dB,9.00044064094666e+01°)"
45197.3761874344,"(9.44424575617271e+01dB,9.00044055375420e+01°)"
45266.1356426687,"(9.44291100691920e+01dB,9.00044046762904e+01°)"
45334.9997027072,"(9.44157621329659e+01dB,9.00044038256978e+01°)"
45403.9685266867,"(9.44024137518799e+01dB,9.00044029857692e+01°)"
45473.0422739862,"(9.43890649243632e+01dB,9.00044021565137e+01°)"
45542.2211042271,"(9.43757156489649e+01dB,9.00044013379036e+01°)"
45611.5051772738,"(9.43623659243780e+01dB,9.00044005299660e+01°)"
45680.8946532336,"(9.43490157492509e+01dB,9.00043997326908e+01°)"
45750.3896924577,"(9.43356651220488e+01dB,9.00043989460859e+01°)"
45819.9904555411,"(9.43223140413888e+01dB,9.00043981701388e+01°)"
45889.697103323,"(9.43089625058967e+01dB,9.00043974048668e+01°)"
45959.5097968875,"(9.42956105141232e+01dB,9.00043966502604e+01°)"
46029.4286975636,"(9.42822580646579e+01dB,9.00043959063074e+01°)"
46099.4539669258,"(9.42689051559493e+01dB,9.00043951730377e+01°)"
46169.5857667945,"(9.42555517867672e+01dB,9.00043944504196e+01°)"
46239.824259236,"(9.42421979553867e+01dB,9.00043937384781e+01°)"
46310.1696065635,"(9.42288436605831e+01dB,9.00043930372165e+01°)"
46380.6219713368,"(9.42154889008197e+01dB,9.00043923466140e+01°)"
46451.1815163633,"(9.42021336746388e+01dB,9.00043916666755e+01°)"
46521.848404698,"(9.41887779806403e+01dB,9.00043909974252e+01°)"
46592.6227996437,"(9.41754218172233e+01dB,9.00043903388421e+01°)"
46663.504864752,"(9.41620651830093e+01dB,9.00043896909333e+01°)"
46734.4947638231,"(9.41487080764972e+01dB,9.00043890536943e+01°)"
46805.5926609064,"(9.41353504962197e+01dB,9.00043884271339e+01°)"
46876.798720301,"(9.41219924406723e+01dB,9.00043878112536e+01°)"
46948.1131065559,"(9.41086339083731e+01dB,9.00043872060514e+01°)"
47019.5359844702,"(9.40952748977907e+01dB,9.00043866115261e+01°)"
47091.0675190942,"(9.40819154074788e+01dB,9.00043860276826e+01°)"
47162.7078757288,"(9.40685554358349e+01dB,9.00043854545155e+01°)"
47234.4572199266,"(9.40551949814594e+01dB,9.00043848920441e+01°)"
47306.315717492,"(9.40418340427837e+01dB,9.00043843402521e+01°)"
47378.2835344818,"(9.40284726182618e+01dB,9.00043837991379e+01°)"
47450.3608372053,"(9.40151107063652e+01dB,9.00043832687075e+01°)"
47522.5477922247,"(9.40017483056640e+01dB,9.00043827489851e+01°)"
47594.8445663558,"(9.39883854145673e+01dB,9.00043822399404e+01°)"
47667.251326668,"(9.39750220313739e+01dB,9.00043817415836e+01°)"
47739.768240485,"(9.39616581547892e+01dB,9.00043812539170e+01°)"
47812.395475385,"(9.39482937831092e+01dB,9.00043807769616e+01°)"
47885.1331992011,"(9.39349289148126e+01dB,9.00043803106721e+01°)"
47957.9815800218,"(9.39215635482771e+01dB,9.00043798551075e+01°)"
48030.9407861913,"(9.39081976820507e+01dB,9.00043794102319e+01°)"
48104.0109863099,"(9.38948313144833e+01dB,9.00043789760556e+01°)"
48177.1923492343,"(9.38814644441003e+01dB,9.00043785525817e+01°)"
48250.4850440782,"(9.38680970691755e+01dB,9.00043781398190e+01°)"
48323.8892402126,"(9.38547291881856e+01dB,9.00043777377587e+01°)"
48397.4051072661,"(9.38413607995575e+01dB,9.00043773464025e+01°)"
48471.0328151252,"(9.38279919016333e+01dB,9.00043769657562e+01°)"
48544.7725339353,"(9.38146224928850e+01dB,9.00043765958241e+01°)"
48618.6244341001,"(9.38012525716802e+01dB,9.00043762366103e+01°)"
48692.588686283,"(9.37878821363273e+01dB,9.00043758880999e+01°)"
48766.6654614066,"(9.37745111853083e+01dB,9.00043755503086e+01°)"
48840.854930654,"(9.37611397170003e+01dB,9.00043752232452e+01°)"
48915.1572654684,"(9.37477677296812e+01dB,9.00043749068877e+01°)"
48989.5726375539,"(9.37343952218443e+01dB,9.00043746012769e+01°)"
49064.1012188757,"(9.37210221917089e+01dB,9.00043743063804e+01°)"
49138.7431816609,"(9.37076486377405e+01dB,9.00043740222111e+01°)"
49213.4986983984,"(9.36942745581879e+01dB,9.00043737487746e+01°)"
49288.3679418395,"(9.36808999514782e+01dB,9.00043734860633e+01°)"
49363.3510849984,"(9.36675248159241e+01dB,9.00043732340980e+01°)"
49438.4483011525,"(9.36541491498971e+01dB,9.00043729928684e+01°)"
49513.6597638427,"(9.36407729516977e+01dB,9.00043727623745e+01°)"
49588.985646874,"(9.36273962196075e+01dB,9.00043725426214e+01°)"
49664.4261243159,"(9.36140189519488e+01dB,9.00043723336153e+01°)"
49739.9813705026,"(9.36006411470929e+01dB,9.00043721353599e+01°)"
49815.6515600334,"(9.35872628032295e+01dB,9.00043719478479e+01°)"
49891.4368677735,"(9.35738839188798e+01dB,9.00043717710891e+01°)"
49967.337468854,"(9.35605044921098e+01dB,9.00043716050940e+01°)"
50043.3535386723,"(9.35471245212742e+01dB,9.00043714498475e+01°)"
50119.4852528928,"(9.35337440047165e+01dB,9.00043713053651e+01°)"
50195.732787447,"(9.35203629406765e+01dB,9.00043711716480e+01°)"
50272.0963185343,"(9.35069813274273e+01dB,9.00043710486929e+01°)"
50348.5760226218,"(9.34935991632333e+01dB,9.00043709365100e+01°)"
50425.1720764455,"(9.34802164462995e+01dB,9.00043708350948e+01°)"
50501.8846570097,"(9.34668331750403e+01dB,9.00043707444586e+01°)"
50578.7139415886,"(9.34534493475921e+01dB,9.00043706645937e+01°)"
50655.6601077256,"(9.34400649621550e+01dB,9.00043705955202e+01°)"
50732.7233332345,"(9.34266800170406e+01dB,9.00043705372221e+01°)"
50809.9037961994,"(9.34132945104737e+01dB,9.00043704897058e+01°)"
50887.2016749755,"(9.33999084406784e+01dB,9.00043704529951e+01°)"
50964.6171481893,"(9.33865218058385e+01dB,9.00043704270681e+01°)"
51042.1503947388,"(9.33731346042388e+01dB,9.00043704119404e+01°)"
51119.8015937946,"(9.33597468340109e+01dB,9.00043704076090e+01°)"
51197.5709247996,"(9.33463584933630e+01dB,9.00043704140772e+01°)"
51275.4585674696,"(9.33329695805760e+01dB,9.00043704313589e+01°)"
51353.464701794,"(9.33195800938222e+01dB,9.00043704594435e+01°)"
51431.589508036,"(9.33061900311985e+01dB,9.00043704983488e+01°)"
51509.833166733,"(9.32927993910086e+01dB,9.00043705480643e+01°)"
51588.1958586969,"(9.32794081713243e+01dB,9.00043706086018e+01°)"
51666.677765015,"(9.32660163702971e+01dB,9.00043706799604e+01°)"
51745.2790670498,"(9.32526239861739e+01dB,9.00043707621483e+01°)"
51823.9999464398,"(9.32392310170920e+01dB,9.00043708551731e+01°)"
51902.8405851,"(9.32258374612108e+01dB,9.00043709590236e+01°)"
51981.8011652218,"(9.32124433166238e+01dB,9.00043710737133e+01°)"
52060.8818692741,"(9.31990485814577e+01dB,9.00043711992466e+01°)"
52140.0828800032,"(9.31856532538915e+01dB,9.00043713356261e+01°)"
52219.4043804336,"(9.31722573321141e+01dB,9.00043714828534e+01°)"
52298.8465538679,"(9.31588608140722e+01dB,9.00043716409265e+01°)"
52378.4095838879,"(9.31454636980349e+01dB,9.00043718098746e+01°)"
52458.0936543546,"(9.31320659820113e+01dB,9.00043719896710e+01°)"
52537.8989494085,"(9.31186676641383e+01dB,9.00043721803369e+01°)"
52617.8256534706,"(9.31052687425341e+01dB,9.00043723818647e+01°)"
52697.8739512422,"(9.30918692153017e+01dB,9.00043725942696e+01°)"
52778.0440277057,"(9.30784690804286e+01dB,9.00043728175515e+01°)"
52858.3360681248,"(9.30650683360811e+01dB,9.00043730517198e+01°)"
52938.7502580451,"(9.30516669802981e+01dB,9.00043732967724e+01°)"
53019.2867832945,"(9.30382650111287e+01dB,9.00043735527108e+01°)"
53099.9458299837,"(9.30248624266155e+01dB,9.00043738195417e+01°)"
53180.7275845064,"(9.30114592248690e+01dB,9.00043740972791e+01°)"
53261.6322335398,"(9.29980554038837e+01dB,9.00043743859110e+01°)"
53342.6599640452,"(9.29846509616893e+01dB,9.00043746854570e+01°)"
53423.8109632684,"(9.29712458964034e+01dB,9.00043749959115e+01°)"
53505.0854187399,"(9.29578402058841e+01dB,9.00043753172798e+01°)"
53586.4835182756,"(9.29444338882863e+01dB,9.00043756495704e+01°)"
53668.0054499771,"(9.29310269415892e+01dB,9.00043759927916e+01°)"
53749.6514022322,"(9.29176193637907e+01dB,9.00043763469345e+01°)"
53831.4215637151,"(9.29042111529638e+01dB,9.00043767120111e+01°)"
53913.3161233873,"(9.28908023069770e+01dB,9.00043770880393e+01°)"
53995.3352704977,"(9.28773928237759e+01dB,9.00043774750053e+01°)"
54077.4791945829,"(9.28639827015759e+01dB,9.00043778729225e+01°)"
54159.7480854682,"(9.28505719381342e+01dB,9.00043782817868e+01°)"
54242.1421332674,"(9.28371605314400e+01dB,9.00043787016146e+01°)"
54324.6615283836,"(9.28237484795689e+01dB,9.00043791324083e+01°)"
54407.3064615095,"(9.28103357803378e+01dB,9.00043795741635e+01°)"
54490.0771236282,"(9.27969224317703e+01dB,9.00043800269028e+01°)"
54572.9737060129,"(9.27835084317589e+01dB,9.00043804906113e+01°)"
54655.9964002282,"(9.27700937782998e+01dB,9.00043809653070e+01°)"
54739.1453981298,"(9.27566784693287e+01dB,9.00043814509935e+01°)"
54822.4208918655,"(9.27432625026152e+01dB,9.00043819476747e+01°)"
54905.8230738754,"(9.27298458761713e+01dB,9.00043824553532e+01°)"
54989.3521368921,"(9.27164285879704e+01dB,9.00043829740388e+01°)"
55073.0082739417,"(9.27030106357460e+01dB,9.00043835037255e+01°)"
55156.791678344,"(9.26895920174952e+01dB,9.00043840444382e+01°)"
55240.7025437125,"(9.26761727311425e+01dB,9.00043845961764e+01°)"
55324.7410639557,"(9.26627527744431e+01dB,9.00043851589273e+01°)"
55408.9074332768,"(9.26493321453569e+01dB,9.00043857327204e+01°)"
55493.2018461746,"(9.26359108417417e+01dB,9.00043863175490e+01°)"
55577.6244974437,"(9.26224888613742e+01dB,9.00043869134198e+01°)"
55662.1755821751,"(9.26090662022000e+01dB,9.00043875203420e+01°)"
55746.8552957566,"(9.25956428619425e+01dB,9.00043881383122e+01°)"
55831.6638338732,"(9.25822188385414e+01dB,9.00043887673490e+01°)"
55916.6013925076,"(9.25687941297708e+01dB,9.00043894074524e+01°)"
56001.6681679407,"(9.25553687334537e+01dB,9.00043900586255e+01°)"
56086.8643567521,"(9.25419426474563e+01dB,9.00043907208740e+01°)"
56172.1901558201,"(9.25285158695098e+01dB,9.00043913942138e+01°)"
56257.6457623229,"(9.25150883974314e+01dB,9.00043920786379e+01°)"
56343.2313737385,"(9.25016602290494e+01dB,9.00043927741601e+01°)"
56428.9471878453,"(9.24882313620713e+01dB,9.00043934807821e+01°)"
56514.7934027227,"(9.24748017943700e+01dB,9.00043941985157e+01°)"
56600.7702167514,"(9.24613715236222e+01dB,9.00043949273665e+01°)"
56686.8778286138,"(9.24479405476308e+01dB,9.00043956673333e+01°)"
56773.1164372946,"(9.24345088641406e+01dB,9.00043964184266e+01°)"
56859.4862420814,"(9.24210764708897e+01dB,9.00043971806536e+01°)"
56945.9874425647,"(9.24076433656272e+01dB,9.00043979540186e+01°)"
57032.6202386388,"(9.23942095460866e+01dB,9.00043987385382e+01°)"
57119.3848305021,"(9.23807750100141e+01dB,9.00043995342006e+01°)"
57206.2814186575,"(9.23673397550220e+01dB,9.00044003410237e+01°)"
57293.310203913,"(9.23539037789663e+01dB,9.00044011590199e+01°)"
57380.471387382,"(9.23404670794301e+01dB,9.00044019881813e+01°)"
57467.765170484,"(9.23270296541950e+01dB,9.00044028285231e+01°)"
57555.1917549447,"(9.23135915008674e+01dB,9.00044036800469e+01°)"
57642.751342797,"(9.23001526171548e+01dB,9.00044045427733e+01°)"
57730.4441363809,"(9.22867130007245e+01dB,9.00044054166894e+01°)"
57818.2703383443,"(9.22732726492639e+01dB,9.00044063018151e+01°)"
57906.2301516434,"(9.22598315603591e+01dB,9.00044071981492e+01°)"
57994.3237795431,"(9.22463897316959e+01dB,9.00044081057118e+01°)"
58082.5514256176,"(9.22329471610015e+01dB,9.00044090245008e+01°)"
58170.9132937509,"(9.22195038457381e+01dB,9.00044099545197e+01°)"
58259.409588137,"(9.22060597836576e+01dB,9.00044108957814e+01°)"
58348.0405132805,"(9.21926149722908e+01dB,9.00044118482893e+01°)"
58436.8062739973,"(9.21791694092435e+01dB,9.00044128120560e+01°)"
58525.7070754149,"(9.21657230922027e+01dB,9.00044137870846e+01°)"
58614.7431229726,"(9.21522760187090e+01dB,9.00044147733854e+01°)"
58703.9146224225,"(9.21388281863312e+01dB,9.00044157709602e+01°)"
58793.2217798296,"(9.21253795926582e+01dB,9.00044167798237e+01°)"
58882.6648015724,"(9.21119302352130e+01dB,9.00044177999717e+01°)"
58972.2438943434,"(9.20984801116536e+01dB,9.00044188314302e+01°)"
59061.9592651496,"(9.20850292193744e+01dB,9.00044198741884e+01°)"
59151.8111213127,"(9.20715775560914e+01dB,9.00044209282653e+01°)"
59241.79967047,"(9.20581251192589e+01dB,9.00044219936651e+01°)"
59331.9251205746,"(9.20446719062838e+01dB,9.00044230703914e+01°)"
59422.1876798961,"(9.20312179149452e+01dB,9.00044241584628e+01°)"
59512.5875570208,"(9.20177631425084e+01dB,9.00044252578788e+01°)"
59603.1249608522,"(9.20043075866158e+01dB,9.00044263686483e+01°)"
59693.800100612,"(9.19908512447009e+01dB,9.00044274907716e+01°)"
59784.6131858399,"(9.19773941142581e+01dB,9.00044286242715e+01°)"
59875.5644263943,"(9.19639361927163e+01dB,9.00044297691589e+01°)"
59966.6540324531,"(9.19504774775796e+01dB,9.00044309254190e+01°)"
60057.8822145139,"(9.19370179663800e+01dB,9.00044320930789e+01°)"
60149.2491833943,"(9.19235576564899e+01dB,9.00044332721442e+01°)"
60240.755150233,"(9.19100965453558e+01dB,9.00044344626139e+01°)"
60332.4003264896,"(9.18966346303396e+01dB,9.00044356645038e+01°)"
60424.1849239456,"(9.18831719090455e+01dB,9.00044368778233e+01°)"
60516.1091547044,"(9.18697083787348e+01dB,9.00044381025734e+01°)"
60608.1732311924,"(9.18562440368425e+01dB,9.00044393387725e+01°)"
60700.377366159,"(9.18427788807957e+01dB,9.00044405864219e+01°)"
60792.7217726774,"(9.18293129079444e+01dB,9.00044418455390e+01°)"
60885.2066641446,"(9.18158461157545e+01dB,9.00044431161184e+01°)"
60977.8322542827,"(9.18023785014921e+01dB,9.00044443981755e+01°)"
61070.5987571387,"(9.17889100625415e+01dB,9.00044456917260e+01°)"
61163.5063870852,"(9.17754407963273e+01dB,9.00044469967766e+01°)"
61256.555358821,"(9.17619707001509e+01dB,9.00044483133236e+01°)"
61349.7458873715,"(9.17484997712507e+01dB,9.00044496413881e+01°)"
61443.0781880892,"(9.17350280071246e+01dB,9.00044509809739e+01°)"
61536.5524766544,"(9.17215554050077e+01dB,9.00044523320910e+01°)"
61630.1689690752,"(9.17080819621881e+01dB,9.00044536947507e+01°)"
61723.9278816886,"(9.16946076760031e+01dB,9.00044550689644e+01°)"
61817.8294311605,"(9.16811325437018e+01dB,9.00044564547307e+01°)"
61911.8738344867,"(9.16676565626114e+01dB,9.00044578520685e+01°)"
62006.0613089927,"(9.16541797299575e+01dB,9.00044592609790e+01°)"
62100.3920723351,"(9.16407020430820e+01dB,9.00044606814849e+01°)"
62194.8663425012,"(9.16272234991290e+01dB,9.00044621135849e+01°)"
62289.4843378102,"(9.16137440954181e+01dB,9.00044635572875e+01°)"
62384.2462769133,"(9.16002638291642e+01dB,9.00044650126111e+01°)"
62479.1523787944,"(9.15867826975935e+01dB,9.00044664795564e+01°)"
62574.2028627705,"(9.15733006979099e+01dB,9.00044679581372e+01°)"
62669.3979484924,"(9.15598178273240e+01dB,9.00044694483656e+01°)"
62764.7378559448,"(9.15463340830732e+01dB,9.00044709502423e+01°)"
62860.2228054472,"(9.15328494622623e+01dB,9.00044724637832e+01°)"
62955.8530176543,"(9.15193639621485e+01dB,9.00044739890025e+01°)"
63051.6287135565,"(9.15058775798689e+01dB,9.00044755259024e+01°)"
63147.5501144804,"(9.14923903125519e+01dB,9.00044770744977e+01°)"
63243.6174420891,"(9.14789021574491e+01dB,9.00044786347986e+01°)"
63339.8309183832,"(9.14654131115475e+01dB,9.00044802068127e+01°)"
63436.1907657009,"(9.14519231720839e+01dB,9.00044817905474e+01°)"
63532.6972067186,"(9.14384323361969e+01dB,9.00044833860198e+01°)"
63629.3504644516,"(9.14249406009236e+01dB,9.00044849932348e+01°)"
63726.1507622544,"(9.14114479633973e+01dB,9.00044866122059e+01°)"
63823.0983238213,"(9.13979544206843e+01dB,9.00044882429416e+01°)"
63920.1933731868,"(9.13844599699429e+01dB,9.00044898854578e+01°)"
64017.4361347265,"(9.13709646081104e+01dB,9.00044915397527e+01°)"
64114.826833157,"(9.13574683323938e+01dB,9.00044932058473e+01°)"
64212.365693537,"(9.13439711397452e+01dB,9.00044948837520e+01°)"
64310.0529412676,"(9.13304730272312e+01dB,9.00044965734733e+01°)"
64407.8888020927,"(9.13169739919225e+01dB,9.00044982750233e+01°)"
64505.8735020995,"(9.13034740307725e+01dB,9.00044999884109e+01°)"
64604.0072677196,"(9.12899731408464e+01dB,9.00045017136519e+01°)"
64702.2903257285,"(9.12764713191163e+01dB,9.00045034507560e+01°)"
64800.7229032472,"(9.12629685626015e+01dB,9.00045051997326e+01°)"
64899.3052277418,"(9.12494648682423e+01dB,9.00045069605896e+01°)"
64998.0375270248,"(9.12359602329912e+01dB,9.00045087333445e+01°)"
65096.9200292551,"(9.12224546539009e+01dB,9.00045105180045e+01°)"
65195.9529629387,"(9.12089481278583e+01dB,9.00045123145817e+01°)"
65295.1365569293,"(9.11954406517925e+01dB,9.00045141230868e+01°)"
65394.4710404287,"(9.11819322226070e+01dB,9.00045159435336e+01°)"
65493.9566429873,"(9.11684228373500e+01dB,9.00045177759284e+01°)"
65593.5935945049,"(9.11549124927758e+01dB,9.00045196202908e+01°)"
65693.382125231,"(9.11414011858340e+01dB,9.00045214766241e+01°)"
65793.3224657653,"(9.11278889134391e+01dB,9.00045233449457e+01°)"
65893.4148470585,"(9.11143756724692e+01dB,9.00045252252641e+01°)"
65993.6595004123,"(9.11008614597148e+01dB,9.00045271175937e+01°)"
66094.0566574806,"(9.10873462720995e+01dB,9.00045290219427e+01°)"
66194.6065502697,"(9.10738301065258e+01dB,9.00045309383270e+01°)"
66295.3094111387,"(9.10603129596443e+01dB,9.00045328667537e+01°)"
66396.1654728002,"(9.10467948284373e+01dB,9.00045348072412e+01°)"
66497.1749683211,"(9.10332757096514e+01dB,9.00045367597972e+01°)"
66598.3381311224,"(9.10197556000642e+01dB,9.00045387244354e+01°)"
66699.6551949806,"(9.10062344965450e+01dB,9.00045407011655e+01°)"
66801.1263940277,"(9.09927123958035e+01dB,9.00045426900024e+01°)"
66902.751962752,"(9.09791892946162e+01dB,9.00045446909585e+01°)"
67004.5321359983,"(9.09656651897692e+01dB,9.00045467040439e+01°)"
67106.4671489688,"(9.09521400779739e+01dB,9.00045487292755e+01°)"
67208.5572372237,"(9.09386139559869e+01dB,9.00045507666606e+01°)"
67310.8026366812,"(9.09250868204794e+01dB,9.00045528162142e+01°)"
67413.2035836186,"(9.09115586682130e+01dB,9.00045548779492e+01°)"
67515.7603146728,"(9.08980294959068e+01dB,9.00045569518789e+01°)"
67618.4730668405,"(9.08844993001954e+01dB,9.00045590380159e+01°)"
67721.3420774788,"(9.08709680777847e+01dB,9.00045611363716e+01°)"
67824.3675843063,"(9.08574358253187e+01dB,9.00045632469620e+01°)"
67927.549825403,"(9.08439025394742e+01dB,9.00045653697929e+01°)"
68030.8890392111,"(9.08303682169031e+01dB,9.00045675048894e+01°)"
68134.3854645355,"(9.08168328542152e+01dB,9.00045696522539e+01°)"
68238.0393405445,"(9.08032964480452e+01dB,9.00045718119053e+01°)"
68341.8509067703,"(9.07897589949465e+01dB,9.00045739838538e+01°)"
68445.8204031093,"(9.07762204915919e+01dB,9.00045761681138e+01°)"
68549.9480698231,"(9.07626809345306e+01dB,9.00045783647041e+01°)"
68654.2341475387,"(9.07491403203201e+01dB,9.00045805736261e+01°)"
68758.678877249,"(9.07355986455408e+01dB,9.00045827949038e+01°)"
68863.2825003139,"(9.07220559067307e+01dB,9.00045850285473e+01°)"
68968.0452584601,"(9.07085121004583e+01dB,9.00045872745713e+01°)"
69072.9673937823,"(9.06949672232086e+01dB,9.00045895329883e+01°)"
69178.0491487434,"(9.06814212714877e+01dB,9.00045918038125e+01°)"
69283.2907661752,"(9.06678742418522e+01dB,9.00045940870572e+01°)"
69388.692489279,"(9.06543261307385e+01dB,9.00045963827408e+01°)"
69494.2545616258,"(9.06407769346306e+01dB,9.00045986908727e+01°)"
69599.9772271574,"(9.06272266500326e+01dB,9.00046010114634e+01°)"
69705.8607301867,"(9.06136752733432e+01dB,9.00046033445363e+01°)"
69811.9053153983,"(9.06001228010257e+01dB,9.00046056901033e+01°)"
69918.1112278488,"(9.05865692295219e+01dB,9.00046080481717e+01°)"
70024.4787129679,"(9.05730145552247e+01dB,9.00046104187655e+01°)"
70131.0080165585,"(9.05594587745508e+01dB,9.00046128018933e+01°)"
70237.6993847975,"(9.05459018838738e+01dB,9.00046151975713e+01°)"
70344.5530642364,"(9.05323438795867e+01dB,9.00046176058152e+01°)"
70451.5693018016,"(9.05187847580522e+01dB,9.00046200266365e+01°)"
70558.7483447953,"(9.05052245156238e+01dB,9.00046224600543e+01°)"
70666.0904408958,"(9.04916631486100e+01dB,9.00046249060804e+01°)"
70773.5958381583,"(9.04781006533790e+01dB,9.00046273647299e+01°)"
70881.2647850154,"(9.04645370262719e+01dB,9.00046298360208e+01°)"
70989.0975302776,"(9.04509722635103e+01dB,9.00046323199635e+01°)"
71097.0943231337,"(9.04374063614382e+01dB,9.00046348165809e+01°)"
71205.2554131521,"(9.04238393163021e+01dB,9.00046373258772e+01°)"
71313.5810502803,"(9.04102711243694e+01dB,9.00046398478805e+01°)"
71422.0714848465,"(9.03967017818945e+01dB,9.00046423825934e+01°)"
71530.7269675594,"(9.03831312851548e+01dB,9.00046449300399e+01°)"
71639.5477495094,"(9.03695596303044e+01dB,9.00046474902349e+01°)"
71748.5340821686,"(9.03559868135811e+01dB,9.00046500631896e+01°)"
71857.686217392,"(9.03424128312196e+01dB,9.00046526489239e+01°)"
71967.0044074173,"(9.03288376793372e+01dB,9.00046552474542e+01°)"
72076.4889048664,"(9.03152613541705e+01dB,9.00046578587927e+01°)"
72186.1399627453,"(9.03016838518265e+01dB,9.00046604829560e+01°)"
72295.9578344448,"(9.02881051684582e+01dB,9.00046631199628e+01°)"
72405.9427737413,"(9.02745253002139e+01dB,9.00046657698306e+01°)"
72516.0950347974,"(9.02609442432132e+01dB,9.00046684325688e+01°)"
72626.4148721622,"(9.02473619935020e+01dB,9.00046711081964e+01°)"
72736.902540772,"(9.02337785472548e+01dB,9.00046737967360e+01°)"
72847.5582959512,"(9.02201939004895e+01dB,9.00046764981956e+01°)"
72958.3823934122,"(9.02066080493025e+01dB,9.00046792125982e+01°)"
73069.3750892568,"(9.01930209897124e+01dB,9.00046819399567e+01°)"
73180.5366399763,"(9.01794327177650e+01dB,9.00046846802875e+01°)"
73291.8673024522,"(9.01658432295012e+01dB,9.00046874336093e+01°)"
73403.3673339568,"(9.01522525209022e+01dB,9.00046901999389e+01°)"
73515.0369921537,"(9.01386605879530e+01dB,9.00046929792916e+01°)"
73626.8765350986,"(9.01250674266418e+01dB,9.00046957716884e+01°)"
73738.8862212397,"(9.01114730329539e+01dB,9.00046985771386e+01°)"
73851.0663094185,"(9.00978774028139e+01dB,9.00047013956667e+01°)"
73963.4170588702,"(9.00842805321686e+01dB,9.00047042272898e+01°)"
74075.9387292244,"(9.00706824169414e+01dB,9.00047070720218e+01°)"
74188.6315805056,"(9.00570830530360e+01dB,9.00047099298792e+01°)"
74301.495873134,"(9.00434824363465e+01dB,9.00047128008835e+01°)"
74414.5318679259,"(9.00298805627578e+01dB,9.00047156850509e+01°)"
74527.7398260944,"(9.00162774281099e+01dB,9.00047185823993e+01°)"
74641.1200092501,"(9.00026730282747e+01dB,9.00047214929474e+01°)"
74754.6726794014,"(8.99890673590783e+01dB,9.00047244167088e+01°)"
74868.3980989554,"(8.99754604163408e+01dB,9.00047273537055e+01°)"
74982.2965307183,"(8.99618521958653e+01dB,9.00047303039540e+01°)"
75096.3682378964,"(8.99482426934593e+01dB,9.00047332674751e+01°)"
75210.6134840961,"(8.99346319048815e+01dB,9.00047362442837e+01°)"
75325.0325333249,"(8.99210198259146e+01dB,9.00047392343992e+01°)"
75439.6256499921,"(8.99074064522612e+01dB,9.00047422378408e+01°)"
75554.3930989091,"(8.98937917796962e+01dB,9.00047452546267e+01°)"
75669.3351452902,"(8.98801758039074e+01dB,9.00047482847752e+01°)"
75784.4520547532,"(8.98665585205869e+01dB,9.00047513283036e+01°)"
75899.7440933199,"(8.98529399254864e+01dB,9.00047543852326e+01°)"
76015.2115274169,"(8.98393200141833e+01dB,9.00047574555843e+01°)"
76130.8546238761,"(8.98256987823848e+01dB,9.00047605393698e+01°)"
76246.6736499353,"(8.98120762257493e+01dB,9.00047636366137e+01°)"
76362.6688732389,"(8.97984523398373e+01dB,9.00047667473341e+01°)"
76478.8405618384,"(8.97848271203146e+01dB,9.00047698715494e+01°)"
76595.1889841932,"(8.97712005627306e+01dB,9.00047730092794e+01°)"
76711.714409171,"(8.97575726627134e+01dB,9.00047761605437e+01°)"
76828.4171060486,"(8.97439434157834e+01dB,9.00047793253621e+01°)"
76945.2973445124,"(8.97303128174835e+01dB,9.00047825037546e+01°)"
77062.3553946592,"(8.97166808633733e+01dB,9.00047856957390e+01°)"
77179.5915269965,"(8.97030475489447e+01dB,9.00047889013355e+01°)"
77297.0060124435,"(8.96894128697119e+01dB,9.00047921205670e+01°)"
77414.5991223315,"(8.96757768211507e+01dB,9.00047953534486e+01°)"
77532.3711284046,"(8.96621393986892e+01dB,9.00047986000054e+01°)"
77650.3223028203,"(8.96485005978385e+01dB,9.00048018602535e+01°)"
77768.45291815,"(8.96348604139994e+01dB,9.00048051342170e+01°)"
77886.76324738,"(8.96212188426037e+01dB,9.00048084219144e+01°)"
78005.2535639117,"(8.96075758790261e+01dB,9.00048117233630e+01°)"
78123.9241415626,"(8.95939315186822e+01dB,9.00048150385853e+01°)"
78242.7752545667,"(8.95802857569158e+01dB,9.00048183676091e+01°)"
78361.8071775751,"(8.95666385890879e+01dB,9.00048217104419e+01°)"
78481.0201856569,"(8.95529900105369e+01dB,9.00048250671177e+01°)"
78600.4145542994,"(8.95393400165646e+01dB,9.00048284376476e+01°)"
78719.9905594094,"(8.95256886025127e+01dB,9.00048318220571e+01°)"
78839.748477313,"(8.95120357636263e+01dB,9.00048352203689e+01°)"
78959.6885847571,"(8.94983814951662e+01dB,9.00048386326009e+01°)"
79079.8111589092,"(8.94847257924241e+01dB,9.00048420587760e+01°)"
79200.1164773589,"(8.94710686506113e+01dB,9.00048454989139e+01°)"
79320.6048181177,"(8.94574100649398e+01dB,9.00048489530406e+01°)"
79441.2764596204,"(8.94437500306042e+01dB,9.00048524211721e+01°)"
79562.131680725,"(8.94300885428046e+01dB,9.00048559033326e+01°)"
79683.1707607141,"(8.94164255967123e+01dB,9.00048593995480e+01°)"
79804.3939792949,"(8.94027611874377e+01dB,9.00048629098334e+01°)"
79925.8016166003,"(8.93890953101471e+01dB,9.00048664342152e+01°)"
80047.3939531894,"(8.93754279599483e+01dB,9.00048699727147e+01°)"
80169.1712700478,"(8.93617591319125e+01dB,9.00048735253532e+01°)"
80291.133848589,"(8.93480888211338e+01dB,9.00048770921554e+01°)"
80413.2819706543,"(8.93344170226834e+01dB,9.00048806731404e+01°)"
80535.6159185139,"(8.93207437315708e+01dB,9.00048842683321e+01°)"
80658.1359748674,"(8.93070689428538e+01dB,9.00048878777553e+01°)"
80780.8424228446,"(8.92933926515266e+01dB,9.00048915014310e+01°)"
80903.7355460057,"(8.92797148525837e+01dB,9.00048951393825e+01°)"
81026.8156283427,"(8.92660355409696e+01dB,9.00048987916325e+01°)"
81150.0829542793,"(8.92523547116463e+01dB,9.00049024582057e+01°)"
81273.5378086721,"(8.92386723595817e+01dB,9.00049061391232e+01°)"
81397.1804768109,"(8.92249884796667e+01dB,9.00049098344095e+01°)"
81521.0112444197,"(8.92113030667709e+01dB,9.00049135440855e+01°)"
81645.0303976571,"(8.91976161158165e+01dB,9.00049172681794e+01°)"
81769.2382231169,"(8.91839276216645e+01dB,9.00049210067123e+01°)"
81893.6350078292,"(8.91702375791029e+01dB,9.00049247597072e+01°)"
82018.2210392604,"(8.91565459830049e+01dB,9.00049285271920e+01°)"
82142.9966053145,"(8.91428528281667e+01dB,9.00049323091855e+01°)"
82267.9619943334,"(8.91291581093436e+01dB,9.00049361057143e+01°)"
82393.1174950976,"(8.91154618213343e+01dB,9.00049399168041e+01°)"
82518.4633968271,"(8.91017639588975e+01dB,9.00049437424741e+01°)"
82643.9999891816,"(8.90880645167354e+01dB,9.00049475827573e+01°)"
82769.7275622618,"(8.90743634895231e+01dB,9.00049514376700e+01°)"
82895.6464066096,"(8.90606608720146e+01dB,9.00049553072418e+01°)"
83021.7568132088,"(8.90469566588700e+01dB,9.00049591914943e+01°)"
83148.059073486,"(8.90332508447158e+01dB,9.00049630904572e+01°)"
83274.5534793111,"(8.90195434241984e+01dB,9.00049670041501e+01°)"
83401.2403229981,"(8.90058343919185e+01dB,9.00049709326016e+01°)"
83528.1198973055,"(8.89921237424823e+01dB,9.00049748758348e+01°)"
83655.1924954375,"(8.89784114704411e+01dB,9.00049788338785e+01°)"
83782.458411044,"(8.89646975703953e+01dB,9.00049828067537e+01°)"
83909.917938222,"(8.89509820368156e+01dB,9.00049867944910e+01°)"
84037.5713715156,"(8.89372648642559e+01dB,9.00049907971124e+01°)"
84165.4190059171,"(8.89235460472027e+01dB,9.00049948146453e+01°)"
84293.4611368677,"(8.89098255801177e+01dB,9.00049988471152e+01°)"
84421.6980602579,"(8.88961034574707e+01dB,9.00050028945471e+01°)"
84550.1300724284,"(8.88823796736811e+01dB,9.00050069569711e+01°)"
84678.7574701707,"(8.88686542231747e+01dB,9.00050110344103e+01°)"
84807.5805507279,"(8.88549271003194e+01dB,9.00050151268914e+01°)"
84936.5996117952,"(8.88411982995259e+01dB,9.00050192344416e+01°)"
85065.8149515207,"(8.88274678151008e+01dB,9.00050233570888e+01°)"
85195.2268685062,"(8.88137356414192e+01dB,9.00050274948584e+01°)"
85324.8356618076,"(8.88000017727332e+01dB,9.00050316477760e+01°)"
85454.6416309358,"(8.87862662033832e+01dB,9.00050358158724e+01°)"
85584.6450758575,"(8.87725289276258e+01dB,9.00050399991734e+01°)"
85714.8462969955,"(8.87587899396798e+01dB,9.00050441977048e+01°)"
85845.2455952298,"(8.87450492338066e+01dB,9.00050484114948e+01°)"
85975.8432718981,"(8.87313068041580e+01dB,9.00050526405726e+01°)"
86106.6396287966,"(8.87175626449960e+01dB,9.00050568849659e+01°)"
86237.6349681804,"(8.87038167504200e+01dB,9.00050611446995e+01°)"
86368.8295927648,"(8.86900691145926e+01dB,9.00050654198052e+01°)"
86500.2238057252,"(8.86763197316221e+01dB,9.00050697103087e+01°)"
86631.8179106985,"(8.86625685955973e+01dB,9.00050740162368e+01°)"
86763.6122117835,"(8.86488157006227e+01dB,9.00050783376236e+01°)"
86895.6070135415,"(8.86350610407275e+01dB,9.00050826744922e+01°)"
87027.8026209973,"(8.86213046099443e+01dB,9.00050870268729e+01°)"
87160.1993396396,"(8.86075464022994e+01dB,9.00050913947971e+01°)"
87292.797475422,"(8.85937864117492e+01dB,9.00050957782896e+01°)"
87425.5973347633,"(8.85800246322908e+01dB,9.00051001773826e+01°)"
87558.5992245488,"(8.85662610578414e+01dB,9.00051045921032e+01°)"
87691.8034521303,"(8.85524956823328e+01dB,9.00051090224834e+01°)"
87825.2103253275,"(8.85387284996572e+01dB,9.00051134685497e+01°)"
87958.8201524282,"(8.85249595036980e+01dB,9.00051179303333e+01°)"
88092.6332421892,"(8.85111886883025e+01dB,9.00051224078647e+01°)"
88226.6499038373,"(8.84974160472980e+01dB,9.00051269011712e+01°)"
88360.8704470692,"(8.84836415744721e+01dB,9.00051314102851e+01°)"
88495.2951820533,"(8.84698652636504e+01dB,9.00051359352371e+01°)"
88629.9244194294,"(8.84560871085624e+01dB,9.00051404760544e+01°)"
88764.7584703103,"(8.84423071029437e+01dB,9.00051450327715e+01°)"
88899.7976462817,"(8.84285252405223e+01dB,9.00051496054150e+01°)"
89035.0422594037,"(8.84147415149816e+01dB,9.00051541940190e+01°)"
89170.4926222109,"(8.84009559199880e+01dB,9.00051587986127e+01°)"
89306.1490477134,"(8.83871684491813e+01dB,9.00051634192276e+01°)"
89442.0118493975,"(8.83733790961878e+01dB,9.00051680558953e+01°)"
89578.0813412264,"(8.83595878545939e+01dB,9.00051727086453e+01°)"
89714.357837641,"(8.83457947179975e+01dB,9.00051773775127e+01°)"
89850.8416535606,"(8.83319996799022e+01dB,9.00051820625245e+01°)"
89987.5331043834,"(8.83182027338706e+01dB,9.00051867637154e+01°)"
90124.4325059875,"(8.83044038733900e+01dB,9.00051914811169e+01°)"
90261.5401747317,"(8.82906030919078e+01dB,9.00051962147603e+01°)"
90398.8564274559,"(8.82768003829118e+01dB,9.00052009646796e+01°)"
90536.3815814821,"(8.82629957398275e+01dB,9.00052057309057e+01°)"
90674.115954615,"(8.82491891560270e+01dB,9.00052105134704e+01°)"
90812.0598651428,"(8.82353806249262e+01dB,9.00052153124085e+01°)"
90950.213631838,"(8.82215701398357e+01dB,9.00052201277522e+01°)"
91088.5775739579,"(8.82077576941034e+01dB,9.00052249595331e+01°)"
91227.1520112456,"(8.81939432810301e+01dB,9.00052298077852e+01°)"
91365.9372639306,"(8.81801268938855e+01dB,9.00052346725414e+01°)"
91504.9336527295,"(8.81663085259471e+01dB,9.00052395538357e+01°)"
91644.1414988469,"(8.81524881703988e+01dB,9.00052444517022e+01°)"
91783.5611239762,"(8.81386658204895e+01dB,9.00052493661738e+01°)"
91923.1928502998,"(8.81248414693488e+01dB,9.00052542972840e+01°)"
92063.0370004906,"(8.81110151101524e+01dB,9.00052592450677e+01°)"
92203.0938977122,"(8.80971867360070e+01dB,9.00052642095590e+01°)"
92343.3638656199,"(8.80833563400367e+01dB,9.00052691907933e+01°)"
92483.8472283614,"(8.80695239152965e+01dB,9.00052741888040e+01°)"
92624.5443105775,"(8.80556894548135e+01dB,9.00052792036239e+01°)"
92765.4554374029,"(8.80418529516291e+01dB,9.00052842352904e+01°)"
92906.5809344669,"(8.80280143987488e+01dB,9.00052892838387e+01°)"
93047.9211278941,"(8.80141737890997e+01dB,9.00052943493033e+01°)"
93189.4763443055,"(8.80003311156598e+01dB,9.00052994317190e+01°)"
93331.2469108188,"(8.79864863713144e+01dB,9.00053045311220e+01°)"
93473.2331550492,"(8.79726395489596e+01dB,9.00053096475491e+01°)"
93615.4354051108,"(8.79587906414526e+01dB,9.00053147810344e+01°)"
93757.8539896163,"(8.79449396416181e+01dB,9.00053199316132e+01°)"
93900.4892376787,"(8.79310865422867e+01dB,9.00053250993238e+01°)"
94043.3414789115,"(8.79172313362102e+01dB,9.00053302842017e+01°)"
94186.4110434298,"(8.79033740161479e+01dB,9.00053354862832e+01°)"
94329.6982618507,"(8.78895145748078e+01dB,9.00053407056054e+01°)"
94473.2034652945,"(8.78756530049081e+01dB,9.00053459422054e+01°)"
94616.926985385,"(8.78617892991150e+01dB,9.00053511961198e+01°)"
94760.8691542507,"(8.78479234500456e+01dB,9.00053564673853e+01°)"
94905.0303045254,"(8.78340554503183e+01dB,9.00053617560402e+01°)"
95049.4107693487,"(8.78201852925216e+01dB,9.00053670621226e+01°)"
95194.0108823671,"(8.78063129692021e+01dB,9.00053723856686e+01°)"
95338.830977735,"(8.77924384728888e+01dB,9.00053777267178e+01°)"
95483.8713901147,"(8.77785617960887e+01dB,9.00053830853072e+01°)"
95629.1324546778,"(8.77646829312663e+01dB,9.00053884614757e+01°)"
95774.6145071059,"(8.77508018708455e+01dB,9.00053938552614e+01°)"
95920.3178835912,"(8.77369186072439e+01dB,9.00053992667025e+01°)"
96066.2429208373,"(8.77230331328702e+01dB,9.00054046958399e+01°)"
96212.3899560601,"(8.77091454400299e+01dB,9.00054101427087e+01°)"
96358.7593269885,"(8.76952555210826e+01dB,9.00054156073530e+01°)"
96505.3513718653,"(8.76813633682931e+01dB,9.00054210898085e+01°)"
96652.1664294475,"(8.76674689739696e+01dB,9.00054265901163e+01°)"
96799.2048390079,"(8.76535723302936e+01dB,9.00054321083158e+01°)"
96946.4669403353,"(8.76396734295025e+01dB,9.00054376444472e+01°)"
97093.9530737353,"(8.76257722637673e+01dB,9.00054431985495e+01°)"
97241.6635800313,"(8.76118688252131e+01dB,9.00054487706648e+01°)"
97389.5988005651,"(8.75979631059805e+01dB,9.00054543608328e+01°)"
97537.7590771981,"(8.75840550981338e+01dB,9.00054599690949e+01°)"
97686.1447523114,"(8.75701447937459e+01dB,9.00054655954898e+01°)"
97834.7561688073,"(8.75562321848251e+01dB,9.00054712400607e+01°)"
97983.5936701094,"(8.75423172633444e+01dB,9.00054769028476e+01°)"
98132.657600164,"(8.75284000213047e+01dB,9.00054825838930e+01°)"
98281.9483034407,"(8.75144804505963e+01dB,9.00054882832396e+01°)"
98431.4661249329,"(8.75005585431555e+01dB,9.00054940009261e+01°)"
98581.2114101592,"(8.74866342908222e+01dB,9.00054997369973e+01°)"
98731.1845051634,"(8.74727076854259e+01dB,9.00055054914932e+01°)"
98881.3857565162,"(8.74587787188076e+01dB,9.00055112644593e+01°)"
99031.8155113151,"(8.74448473827068e+01dB,9.00055170559359e+01°)"
99182.4741171861,"(8.74309136688807e+01dB,9.00055228659670e+01°)"
99333.3619222836,"(8.74169775689998e+01dB,9.00055286945938e+01°)"
99484.4792752919,"(8.74030390748010e+01dB,9.00055345418622e+01°)"
99635.8265254259,"(8.73890981778657e+01dB,9.00055404078137e+01°)"
99787.4040224314,"(8.73751548698649e+01dB,9.00055462924928e+01°)"
99939.2121165866,"(8.73612091423372e+01dB,9.00055521959443e+01°)"
100091.251158702,"(8.73472609868335e+01dB,9.00055581182102e+01°)"
100243.521500123,"(8.73333103948654e+01dB,9.00055640593368e+01°)"
100396.023492729,"(8.73193573579261e+01dB,9.00055700193680e+01°)"
100548.757488933,"(8.73054018674500e+01dB,9.00055759983481e+01°)"
100701.723841686,"(8.72914439148407e+01dB,9.00055819963214e+01°)"
100854.922904477,"(8.72774834915024e+01dB,9.00055880133344e+01°)"
101008.35503133,"(8.72635205887601e+01dB,9.00055940494332e+01°)"
101162.020576809,"(8.72495551979369e+01dB,9.00056001046617e+01°)"
101315.919896018,"(8.72355873102893e+01dB,9.00056061790664e+01°)"
101470.0533446,"(8.72216169170960e+01dB,9.00056122726926e+01°)"
101624.421278739,"(8.72076440095239e+01dB,9.00056183855873e+01°)"
101779.024055162,"(8.71936685787565e+01dB,9.00056245177966e+01°)"
101933.862031139,"(8.71796906159789e+01dB,9.00056306693687e+01°)"
102088.935564481,"(8.71657101122326e+01dB,9.00056368403484e+01°)"
102244.245013546,"(8.71517270586397e+01dB,9.00056430307835e+01°)"
102399.790737237,"(8.71377414462052e+01dB,9.00056492407228e+01°)"
102555.573095,"(8.71237532659289e+01dB,9.00056554702112e+01°)"
102711.592446832,"(8.71097625087869e+01dB,9.00056617192992e+01°)"
102867.849153274,"(8.70957691656940e+01dB,9.00056679880332e+01°)"
103024.343575419,"(8.70817732275590e+01dB,9.00056742764625e+01°)"
103181.076074906,"(8.70677746852127e+01dB,9.00056805846352e+01°)"
103338.047013926,"(8.70537735294893e+01dB,9.00056869125987e+01°)"
103495.256755222,"(8.70397697511795e+01dB,9.00056932604049e+01°)"
103652.705662086,"(8.70257633410253e+01dB,9.00056996281000e+01°)"
103810.394098364,"(8.70117542897471e+01dB,9.00057060157353e+01°)"
103968.322428457,"(8.69977425880067e+01dB,9.00057124233603e+01°)"
104126.491017318,"(8.69837282264266e+01dB,9.00057188510241e+01°)"
104284.900230458,"(8.69697111956325e+01dB,9.00057252987776e+01°)"
104443.55043394,"(8.69556914861874e+01dB,9.00057317666723e+01°)"
104602.441994388,"(8.69416690885860e+01dB,9.00057382547559e+01°)"
104761.575278982,"(8.69276439933435e+01dB,9.00057447630820e+01°)"
104920.950655459,"(8.69136161909207e+01dB,9.00057512917013e+01°)"
105080.568492119,"(8.68995856716920e+01dB,9.00057578406645e+01°)"
105240.429157819,"(8.68855524260433e+01dB,9.00057644100221e+01°)"
105400.53302198,"(8.68715164443076e+01dB,9.00057709998273e+01°)"
105560.880454581,"(8.68574777168065e+01dB,9.00057776101341e+01°)"
105721.471826169,"(8.68434362337599e+01dB,9.00057842409919e+01°)"
105882.307507851,"(8.68293919854202e+01dB,9.00057908924557e+01°)"
106043.3878713,"(8.68153449619449e+01dB,9.00057975645768e+01°)"
106204.713288753,"(8.68012951534727e+01dB,9.00058042574073e+01°)"
106366.284133015,"(8.67872425501203e+01dB,9.00058109710042e+01°)"
106528.100777459,"(8.67731871419389e+01dB,9.00058177054187e+01°)"
106690.163596022,"(8.67591289189470e+01dB,9.00058244607046e+01°)"
106852.472963214,"(8.67450678711291e+01dB,9.00058312369181e+01°)"
107015.029254113,"(8.67310039884266e+01dB,9.00058380341112e+01°)"
107177.832844367,"(8.67169372607222e+01dB,9.00058448523393e+01°)"
107340.884110198,"(8.67028676779132e+01dB,9.00058516916591e+01°)"
107504.183428396,"(8.66887952297720e+01dB,9.00058585521237e+01°)"
107667.73117633,"(8.66747199061228e+01dB,9.00058654337898e+01°)"
107831.527731937,"(8.66606416966781e+01dB,9.00058723367133e+01°)"
107995.573473734,"(8.66465605911311e+01dB,9.00058792609495e+01°)"
108159.86878081,"(8.66324765791255e+01dB,9.00058862065557e+01°)"
108324.414032834,"(8.66183896502859e+01dB,9.00058931735875e+01°)"
108489.209610051,"(8.66042997941871e+01dB,9.00059001621031e+01°)"
108654.255893283,"(8.65902070003572e+01dB,9.00059071721586e+01°)"
108819.553263934,"(8.65761112582741e+01dB,9.00059142038123e+01°)"
108985.102103987,"(8.65620125573696e+01dB,9.00059212571205e+01°)"
109150.902796006,"(8.65479108870437e+01dB,9.00059283321427e+01°)"
109316.955723138,"(8.65338062366991e+01dB,9.00059354289377e+01°)"
109483.261269111,"(8.65196985955766e+01dB,9.00059425475620e+01°)"
109649.819818238,"(8.65055879530033e+01dB,9.00059496880772e+01°)"
109816.631755417,"(8.64914742981856e+01dB,9.00059568505399e+01°)"
109983.697466131,"(8.64773576202953e+01dB,9.00059640350108e+01°)"
110151.01733645,"(8.64632379084783e+01dB,9.00059712415497e+01°)"
110318.59175303,"(8.64491151518254e+01dB,9.00059784702165e+01°)"
110486.421103117,"(8.64349893394126e+01dB,9.00059857210714e+01°)"
110654.505774544,"(8.64208604602026e+01dB,9.00059929941753e+01°)"
110822.846155736,"(8.64067285031819e+01dB,9.00060002895896e+01°)"
110991.442635708,"(8.63925934572597e+01dB,9.00060076073751e+01°)"
111160.295604068,"(8.63784553112860e+01dB,9.00060149475926e+01°)"
111329.405451014,"(8.63643140541195e+01dB,9.00060223103060e+01°)"
111498.77256734,"(8.63501696745177e+01dB,9.00060296955754e+01°)"
111668.397344434,"(8.63360221612192e+01dB,9.00060371034644e+01°)"
111838.280174279,"(8.63218715028965e+01dB,9.00060445340361e+01°)"
112008.421449455,"(8.63077176882095e+01dB,9.00060519873517e+01°)"
112178.821563138,"(8.62935607057157e+01dB,9.00060594634765e+01°)"
112349.480909103,"(8.62794005440007e+01dB,9.00060669624739e+01°)"
112520.399881725,"(8.62652371915367e+01dB,9.00060744844079e+01°)"
112691.578875978,"(8.62510706367731e+01dB,9.00060820293429e+01°)"
112863.018287436,"(8.62369008681428e+01dB,9.00060895973424e+01°)"
113034.718512275,"(8.62227278739774e+01dB,9.00060971884745e+01°)"
113206.679947276,"(8.62085516425751e+01dB,9.00061048028008e+01°)"
113378.902989821,"(8.61943721622038e+01dB,9.00061124403891e+01°)"
113551.388037898,"(8.61801894210998e+01dB,9.00061201013058e+01°)"
113724.1354901,"(8.61660034073779e+01dB,9.00061277856160e+01°)"
113897.145745626,"(8.61518141091753e+01dB,9.00061354933862e+01°)"
114070.419204283,"(8.61376215145639e+01dB,9.00061432246843e+01°)"
114243.956266486,"(8.61234256115361e+01dB,9.00061509795781e+01°)"
114417.757333258,"(8.61092263880631e+01dB,9.00061587581337e+01°)"
114591.822806235,"(8.60950238320651e+01dB,9.00061665604201e+01°)"
114766.153087661,"(8.60808179314060e+01dB,9.00061743865052e+01°)"
114940.748580393,"(8.60666086738793e+01dB,9.00061822364589e+01°)"
115115.609687901,"(8.60523960472701e+01dB,9.00061901103482e+01°)"
115290.73681427,"(8.60381800392786e+01dB,9.00061980082446e+01°)"
115466.130364197,"(8.60239606375782e+01dB,9.00062059302166e+01°)"
115641.790742997,"(8.60097378297450e+01dB,9.00062138763349e+01°)"
115817.718356601,"(8.59955116033711e+01dB,9.00062218466694e+01°)"
115993.913611557,"(8.59812819459233e+01dB,9.00062298412910e+01°)"
116170.376915032,"(8.59670488448832e+01dB,9.00062378602711e+01°)"
116347.108674812,"(8.59528122876511e+01dB,9.00062459036818e+01°)"
116524.109299303,"(8.59385722615444e+01dB,9.00062539715933e+01°)"
116701.379197535,"(8.59243287538747e+01dB,9.00062620640794e+01°)"
116878.918779157,"(8.59100817518977e+01dB,9.00062701812120e+01°)"
117056.728454442,"(8.58958312427793e+01dB,9.00062783230645e+01°)"
117234.808634288,"(8.58815772136526e+01dB,9.00062864897098e+01°)"
117413.159730218,"(8.58673196515938e+01dB,9.00062946812226e+01°)"
117591.782154381,"(8.58530585436403e+01dB,9.00063028976757e+01°)"
117770.676319552,"(8.58387938767405e+01dB,9.00063111391442e+01°)"
117949.842639135,"(8.58245256378333e+01dB,9.00063194057037e+01°)"
118129.281527162,"(8.58102538137528e+01dB,9.00063276974283e+01°)"
118308.993398297,"(8.57959783913026e+01dB,9.00063360143933e+01°)"
118488.978667833,"(8.57816993572602e+01dB,9.00063443566759e+01°)"
118669.237751694,"(8.57674166982821e+01dB,9.00063527243527e+01°)"
118849.771066438,"(8.57531304010236e+01dB,9.00063611174991e+01°)"
119030.579029258,"(8.57388404520489e+01dB,9.00063695361937e+01°)"
119211.662057979,"(8.57245468378711e+01dB,9.00063779805131e+01°)"
119393.020571064,"(8.57102495449844e+01dB,9.00063864505357e+01°)"
119574.654987611,"(8.56959485597616e+01dB,9.00063949463399e+01°)"
119756.565727355,"(8.56816438685703e+01dB,9.00064034680053e+01°)"
119938.753210673,"(8.56673354577004e+01dB,9.00064120156090e+01°)"
120121.217858578,"(8.56530233133655e+01dB,9.00064205892326e+01°)"
120303.960092724,"(8.56387074217599e+01dB,9.00064291889551e+01°)"
120486.980335408,"(8.56243877689874e+01dB,9.00064378148568e+01°)"
120670.279009568,"(8.56100643410900e+01dB,9.00064464670198e+01°)"
120853.856538787,"(8.55957371240734e+01dB,9.00064551455246e+01°)"
121037.713347291,"(8.55814061038704e+01dB,9.00064638504525e+01°)"
121221.849859952,"(8.55670712663576e+01dB,9.00064725818866e+01°)"
121406.266502287,"(8.55527325973524e+01dB,9.00064813399082e+01°)"
121590.963700463,"(8.55383900825787e+01dB,9.00064901246009e+01°)"
121775.941881294,"(8.55240437077646e+01dB,9.00064989360478e+01°)"
121961.201472242,"(8.55096934585114e+01dB,9.00065077743340e+01°)"
122146.742901421,"(8.54953393204076e+01dB,9.00065166395426e+01°)"
122332.566597595,"(8.54809812789412e+01dB,9.00065255317578e+01°)"
122518.672990183,"(8.54666193195701e+01dB,9.00065344510664e+01°)"
122705.062509254,"(8.54522534276600e+01dB,9.00065433975513e+01°)"
122891.735585532,"(8.54378835885375e+01dB,9.00065523713017e+01°)"
123078.692650399,"(8.54235097874481e+01dB,9.00065613724024e+01°)"
123265.934135889,"(8.54091320095721e+01dB,9.00065704009404e+01°)"
123453.460474696,"(8.53947502400690e+01dB,9.00065794570038e+01°)"
123641.272100173,"(8.53803644639562e+01dB,9.00065885406797e+01°)"
123829.369446329,"(8.53659746662717e+01dB,9.00065976520570e+01°)"
124017.752947836,"(8.53515808319091e+01dB,9.00066067912237e+01°)"
124206.423040027,"(8.53371829457393e+01dB,9.00066159582699e+01°)"
124395.380158897,"(8.53227809925821e+01dB,9.00066251532849e+01°)"
124584.624741103,"(8.53083749571574e+01dB,9.00066343763589e+01°)"
124774.157223967,"(8.52939648241393e+01dB,9.00066436275829e+01°)"
124963.978045478,"(8.52795505781113e+01dB,9.00066529070477e+01°)"
125154.08764429,"(8.52651322036074e+01dB,9.00066622148447e+01°)"
125344.486459723,"(8.52507096851049e+01dB,9.00066715510666e+01°)"
125535.174931767,"(8.52362830069846e+01dB,9.00066809158059e+01°)"
125726.153501082,"(8.52218521535861e+01dB,9.00066903091554e+01°)"
125917.422608996,"(8.52074171091704e+01dB,9.00066997312086e+01°)"
126108.982697511,"(8.51929778579234e+01dB,9.00067091820604e+01°)"
126300.834209299,"(8.51785343839471e+01dB,9.00067186618042e+01°)"
126492.977587708,"(8.51640866713240e+01dB,9.00067281705361e+01°)"
126685.413276758,"(8.51496347040205e+01dB,9.00067377083510e+01°)"
126878.141721147,"(8.51351784659441e+01dB,9.00067472753454e+01°)"
127071.163366247,"(8.51207179409337e+01dB,9.00067568716159e+01°)"
127264.478658108,"(8.51062531127488e+01dB,9.00067664972594e+01°)"
127458.088043461,"(8.50917839651070e+01dB,9.00067761523739e+01°)"
127651.991969714,"(8.50773104816112e+01dB,9.00067858370572e+01°)"
127846.190884957,"(8.50628326458336e+01dB,9.00067955514085e+01°)"
128040.68523796,"(8.50483504412399e+01dB,9.00068052955259e+01°)"
128235.475478178,"(8.50338638512251e+01dB,9.00068150695107e+01°)"
128430.562055749,"(8.50193728591403e+01dB,9.00068248734624e+01°)"
128625.945421495,"(8.50048774482303e+01dB,9.00068347074819e+01°)"
128821.626026925,"(8.49903776016852e+01dB,9.00068445716699e+01°)"
129017.604324233,"(8.49758733026126e+01dB,9.00068544661299e+01°)"
129213.880766303,"(8.49613645340356e+01dB,9.00068643909628e+01°)"
129410.455806707,"(8.49468512789142e+01dB,9.00068743462729e+01°)"
129607.329899707,"(8.49323335201522e+01dB,9.00068843321631e+01°)"
129804.503500257,"(8.49178112405180e+01dB,9.00068943487378e+01°)"
130001.977064002,"(8.49032844227722e+01dB,9.00069043961007e+01°)"
130199.75104728,"(8.48887530495379e+01dB,9.00069144743589e+01°)"
130397.825907124,"(8.48742171034071e+01dB,9.00069245836173e+01°)"
130596.202101263,"(8.48596765668651e+01dB,9.00069347239818e+01°)"
130794.88008812,"(8.48451314223240e+01dB,9.00069448955599e+01°)"
130993.860326818,"(8.48305816521365e+01dB,9.00069550984595e+01°)"
131193.143277177,"(8.48160272385446e+01dB,9.00069653327888e+01°)"
131392.729399716,"(8.48014681637396e+01dB,9.00069755986559e+01°)"
131592.619155657,"(8.47869044098082e+01dB,9.00069858961704e+01°)"
131792.813006921,"(8.47723359587541e+01dB,9.00069962254426e+01°)"
131993.311416134,"(8.47577627925470e+01dB,9.00070065865832e+01°)"
132194.114846623,"(8.47431848930118e+01dB,9.00070169797021e+01°)"
132395.223762422,"(8.47286022419297e+01dB,9.00070274049126e+01°)"
132596.638628272,"(8.47140148209827e+01dB,9.00070378623266e+01°)"
132798.359909617,"(8.46994226117943e+01dB,9.00070483520561e+01°)"
133000.388072613,"(8.46848255958681e+01dB,9.00070588742166e+01°)"
133202.723584124,"(8.46702237546501e+01dB,9.00070694289206e+01°)"
133405.366911723,"(8.46556170694864e+01dB,9.00070800162842e+01°)"
133608.318523696,"(8.46410055216632e+01dB,9.00070906364224e+01°)"
133811.57888904,"(8.46263890923503e+01dB,9.00071012894511e+01°)"
134015.148477467,"(8.46117677626488e+01dB,9.00071119754877e+01°)"
134219.027759402,"(8.45971415135749e+01dB,9.00071226946488e+01°)"
134423.217205988,"(8.45825103260470e+01dB,9.00071334470538e+01°)"
134627.717289081,"(8.45678741809041e+01dB,9.00071442328200e+01°)"
134832.528481258,"(8.45532330589007e+01dB,9.00071550520677e+01°)"
135037.651255815,"(8.45385869406938e+01dB,9.00071659049168e+01°)"
135243.086086765,"(8.45239358068513e+01dB,9.00071767914878e+01°)"
135448.833448846,"(8.45092796378683e+01dB,9.00071877119026e+01°)"
135654.893817515,"(8.44946184141327e+01dB,9.00071986662826e+01°)"
135861.267668955,"(8.44799521159459e+01dB,9.00072096547513e+01°)"
136067.95548007,"(8.44652807235232e+01dB,9.00072206774317e+01°)"
136274.957728494,"(8.44506042169829e+01dB,9.00072317344479e+01°)"
136482.274892584,"(8.44359225763627e+01dB,9.00072428259254e+01°)"
136689.907451427,"(8.44212357815952e+01dB,9.00072539519891e+01°)"
136897.855884836,"(8.44065438125211e+01dB,9.00072651127650e+01°)"
137106.120673357,"(8.43918466488990e+01dB,9.00072763083807e+01°)"
137314.702298266,"(8.43771442703811e+01dB,9.00072875389636e+01°)"
137523.60124157,"(8.43624366565339e+01dB,9.00072988046420e+01°)"
137732.817986012,"(8.43477237868222e+01dB,9.00073101055450e+01°)"
137942.353015066,"(8.43330056406192e+01dB,9.00073214418029e+01°)"
138152.206812944,"(8.43182821972074e+01dB,9.00073328135457e+01°)"
138362.379864594,"(8.43035534357631e+01dB,9.00073442209055e+01°)"
138572.872655701,"(8.42888193353562e+01dB,9.00073556640134e+01°)"
138783.68567269,"(8.42740798749970e+01dB,9.00073671430025e+01°)"
138994.819402725,"(8.42593350335583e+01dB,9.00073786580071e+01°)"
139206.274333713,"(8.42445847898225e+01dB,9.00073902091605e+01°)"
139418.0509543,"(8.42298291224923e+01dB,9.00074017965983e+01°)"
139630.149753878,"(8.42150680101465e+01dB,9.00074134204562e+01°)"
139842.571222583,"(8.42003014312698e+01dB,9.00074250808708e+01°)"
140055.315851297,"(8.41855293642621e+01dB,9.00074367779799e+01°)"
140268.384131648,"(8.41707517873989e+01dB,9.00074485119213e+01°)"
140481.776556011,"(8.41559686788737e+01dB,9.00074602828341e+01°)"
140695.493617512,"(8.41411800167576e+01dB,9.00074720908582e+01°)"
140909.535810026,"(8.41263857790297e+01dB,9.00074839361340e+01°)"
141123.903628181,"(8.41115859435650e+01dB,9.00074958188029e+01°)"
141338.597567355,"(8.40967804881289e+01dB,9.00075077390075e+01°)"
141553.618123681,"(8.40819693903890e+01dB,9.00075196968900e+01°)"
141768.965794048,"(8.40671526279008e+01dB,9.00075316925954e+01°)"
141984.641076097,"(8.40523301781082e+01dB,9.00075437262670e+01°)"
142200.644468231,"(8.40375020183611e+01dB,9.00075557980513e+01°)"
142416.976469608,"(8.40226681258918e+01dB,9.00075679080948e+01°)"
142633.637580146,"(8.40078284778379e+01dB,9.00075800565438e+01°)"
142850.628300523,"(8.39929830512035e+01dB,9.00075922435472e+01°)"
143067.949132182,"(8.39781318229056e+01dB,9.00076044692530e+01°)"
143285.600577324,"(8.39632747697408e+01dB,9.00076167338120e+01°)"
143503.583138917,"(8.39484118684003e+01dB,9.00076290373746e+01°)"
143721.897320693,"(8.39335430954507e+01dB,9.00076413800922e+01°)"
143940.543627152,"(8.39186684273648e+01dB,9.00076537621168e+01°)"
144159.522563559,"(8.39037878404916e+01dB,9.00076661836018e+01°)"
144378.834635951,"(8.38889013110623e+01dB,9.00076786447019e+01°)"
144598.48035113,"(8.38740088152087e+01dB,9.00076911455720e+01°)"
144818.460216674,"(8.38591103289330e+01dB,9.00077036863684e+01°)"
145038.774740931,"(8.38442058281246e+01dB,9.00077162672471e+01°)"
145259.424433021,"(8.38292952885676e+01dB,9.00077288883664e+01°)"
145480.40980284,"(8.38143786859183e+01dB,9.00077415498860e+01°)"
145701.731361062,"(8.37994559957139e+01dB,9.00077542519641e+01°)"
145923.389619132,"(8.37845271933795e+01dB,9.00077669947623e+01°)"
146145.38508928,"(8.37695922542259e+01dB,9.00077797784419e+01°)"
146367.718284509,"(8.37546511534276e+01dB,9.00077926031658e+01°)"
146590.389718608,"(8.37397038660493e+01dB,9.00078054690968e+01°)"
146813.399906142,"(8.37247503670453e+01dB,9.00078183763999e+01°)"
147036.749362464,"(8.37097906312218e+01dB,9.00078313252405e+01°)"
147260.438603708,"(8.36948246332844e+01dB,9.00078443157850e+01°)"
147484.468146794,"(8.36798523477975e+01dB,9.00078573482006e+01°)"
147708.838509429,"(8.36648737492285e+01dB,9.00078704226563e+01°)"
147933.550210105,"(8.36498888118815e+01dB,9.00078835393208e+01°)"
148158.603768107,"(8.36348975099767e+01dB,9.00078966983647e+01°)"
148383.999703507,"(8.36198998175696e+01dB,9.00079098999600e+01°)"
148609.738537168,"(8.36048957086211e+01dB,9.00079231442787e+01°)"
148835.820790747,"(8.35898851569359e+01dB,9.00079364314944e+01°)"
149062.246986695,"(8.35748681362092e+01dB,9.00079497617816e+01°)"
149289.017648255,"(8.35598446200025e+01dB,9.00079631353164e+01°)"
149516.133299468,"(8.35448145817474e+01dB,9.00079765522747e+01°)"
149743.594465174,"(8.35297779947277e+01dB,9.00079900128346e+01°)"
149971.401671007,"(8.35147348321297e+01dB,9.00080035171749e+01°)"
150199.555443404,"(8.34996850669666e+01dB,9.00080170654754e+01°)"
150428.056309603,"(8.34846286721517e+01dB,9.00080306579166e+01°)"
150656.904797641,"(8.34695656204469e+01dB,9.00080442946814e+01°)"
150886.101436362,"(8.34544958844819e+01dB,9.00080579759528e+01°)"
151115.646755413,"(8.34394194367459e+01dB,9.00080717019145e+01°)"
151345.541285246,"(8.34243362496047e+01dB,9.00080854727523e+01°)"
151575.78555712,"(8.34092462952805e+01dB,9.00080992886524e+01°)"
151806.380103104,"(8.33941495458422e+01dB,9.00081131498028e+01°)"
152037.325456076,"(8.33790459732438e+01dB,9.00081270563921e+01°)"
152268.622149722,"(8.33639355492794e+01dB,9.00081410086103e+01°)"
152500.270718543,"(8.33488182456076e+01dB,9.00081550066483e+01°)"
152732.271697852,"(8.33336940337477e+01dB,9.00081690506983e+01°)"
152964.625623777,"(8.33185628850851e+01dB,9.00081831409544e+01°)"
153197.33303326,"(8.33034247708433e+01dB,9.00081972776107e+01°)"
153430.394464062,"(8.32882796621060e+01dB,9.00082114608627e+01°)"
153663.810454759,"(8.32731275298231e+01dB,9.00082256909081e+01°)"
153897.581544751,"(8.32579683447813e+01dB,9.00082399679448e+01°)"
154131.708274254,"(8.32428020776360e+01dB,9.00082542921724e+01°)"
154366.191184309,"(8.32276286988774e+01dB,9.00082686637917e+01°)"
154601.030816778,"(8.32124481788611e+01dB,9.00082830830040e+01°)"
154836.227714349,"(8.31972604877881e+01dB,9.00082975500133e+01°)"
155071.782420534,"(8.31820655956998e+01dB,9.00083120650232e+01°)"
155307.695479674,"(8.31668634725054e+01dB,9.00083266282402e+01°)"
155543.967436935,"(8.31516540879366e+01dB,9.00083412398708e+01°)"
155780.598838315,"(8.31364374115833e+01dB,9.00083559001232e+01°)"
156017.590230643,"(8.31212134128840e+01dB,9.00083706092076e+01°)"
156254.942161576,"(8.31059820611215e+01dB,9.00083853673342e+01°)"
156492.65517961,"(8.30907433254100e+01dB,9.00084001747154e+01°)"
156730.72983407,"(8.30754971747137e+01dB,9.00084150315650e+01°)"
156969.166675119,"(8.30602435778402e+01dB,9.00084299380974e+01°)"
157207.966253759,"(8.30449825034305e+01dB,9.00084448945288e+01°)"
157447.129121826,"(8.30297139199729e+01dB,9.00084599010776e+01°)"
157686.655831999,"(8.30144377957829e+01dB,9.00084749579617e+01°)"
157926.546937796,"(8.29991540990278e+01dB,9.00084900654020e+01°)"
158166.802993578,"(8.29838627976901e+01dB,9.00085052236198e+01°)"
158407.424554548,"(8.29685638596079e+01dB,9.00085204328386e+01°)"
158648.412176756,"(8.29532572524400e+01dB,9.00085356932824e+01°)"
158889.766417096,"(8.29379429436918e+01dB,9.00085510051778e+01°)"
159131.487833309,"(8.29226209006780e+01dB,9.00085663687515e+01°)"
159373.576983986,"(8.29072910905641e+01dB,9.00085817842328e+01°)"
159616.034428567,"(8.28919534803294e+01dB,9.00085972518514e+01°)"
159858.860727342,"(8.28766080368015e+01dB,9.00086127718395e+01°)"
160102.056441456,"(8.28612547266148e+01dB,9.00086283444302e+01°)"
160345.622132906,"(8.28458935162398e+01dB,9.00086439698580e+01°)"
160589.558364544,"(8.28305243719750e+01dB,9.00086596483593e+01°)"
160833.865700077,"(8.28151472599301e+01dB,9.00086753801713e+01°)"
161078.544704073,"(8.27997621460534e+01dB,9.00086911655339e+01°)"
161323.595941956,"(8.27843689961053e+01dB,9.00087070046874e+01°)"
161569.019980011,"(8.27689677756720e+01dB,9.00087228978743e+01°)"
161814.817385385,"(8.27535584501469e+01dB,9.00087388453385e+01°)"
162060.988726086,"(8.27381409847540e+01dB,9.00087548473250e+01°)"
162307.534570989,"(8.27227153445337e+01dB,9.00087709040809e+01°)"
162554.455489833,"(8.27072814943298e+01dB,9.00087870158555e+01°)"
162801.752053223,"(8.26918393988186e+01dB,9.00088031828981e+01°)"
163049.424832633,"(8.26763890224828e+01dB,9.00088194054612e+01°)"
163297.474400406,"(8.26609303295970e+01dB,9.00088356837975e+01°)"
163545.901329755,"(8.26454632842794e+01dB,9.00088520181629e+01°)"
163794.706194768,"(8.26299878504396e+01dB,9.00088684088139e+01°)"
164043.889570403,"(8.26145039917935e+01dB,9.00088848560088e+01°)"
164293.452032493,"(8.25990116718706e+01dB,9.00089013600076e+01°)"
164543.39415775,"(8.25835108540082e+01dB,9.00089179210726e+01°)"
164793.71652376,"(8.25680015013420e+01dB,9.00089345394666e+01°)"
165044.41970899,"(8.25524835768073e+01dB,9.00089512154557e+01°)"
165295.504292785,"(8.25369570431549e+01dB,9.00089679493060e+01°)"
165546.970855373,"(8.25214218629206e+01dB,9.00089847412872e+01°)"
165798.819977864,"(8.25058779984456e+01dB,9.00090015916691e+01°)"
166051.052242253,"(8.24903254118746e+01dB,9.00090185007243e+01°)"
166303.668231418,"(8.24747640651406e+01dB,9.00090354687268e+01°)"
166556.668529126,"(8.24591939199807e+01dB,9.00090524959527e+01°)"
166810.053720032,"(8.24436149379096e+01dB,9.00090695826793e+01°)"
167063.82438968,"(8.24280270802553e+01dB,9.00090867291866e+01°)"
167317.981124504,"(8.24124303081122e+01dB,9.00091039357556e+01°)"
167572.52451183,"(8.23968245823886e+01dB,9.00091212026703e+01°)"
167827.45513988,"(8.23812098637655e+01dB,9.00091385302151e+01°)"
168082.773597769,"(8.23655861127141e+01dB,9.00091559186771e+01°)"
168338.480475507,"(8.23499532894931e+01dB,9.00091733683460e+01°)"
168594.576364004,"(8.23343113541497e+01dB,9.00091908795122e+01°)"
168851.061855068,"(8.23186602664890e+01dB,9.00092084524686e+01°)"
169107.937541408,"(8.23029999861289e+01dB,9.00092260875100e+01°)"
169365.204016633,"(8.22873304724549e+01dB,9.00092437849335e+01°)"
169622.861875255,"(8.22716516846176e+01dB,9.00092615450374e+01°)"
169880.911712694,"(8.22559635815566e+01dB,9.00092793681229e+01°)"
170139.354125272,"(8.22402661219849e+01dB,9.00092972544930e+01°)"
170398.18971022,"(8.22245592643805e+01dB,9.00093152044522e+01°)"
170657.419065676,"(8.22088429670139e+01dB,9.00093332183073e+01°)"
170917.04279069,"(8.21931171878970e+01dB,9.00093512963678e+01°)"
171177.061485223,"(8.21773818848268e+01dB,9.00093694389445e+01°)"
171437.475750147,"(8.21616370153703e+01dB,9.00093876463506e+01°)"
171698.286187249,"(8.21458825368514e+01dB,9.00094059189016e+01°)"
171959.493399233,"(8.21301184063544e+01dB,9.00094242569150e+01°)"
172221.097989717,"(8.21143445807373e+01dB,9.00094426607107e+01°)"
172483.100563241,"(8.20985610166092e+01dB,9.00094611306097e+01°)"
172745.501725261,"(8.20827676703439e+01dB,9.00094796669370e+01°)"
173008.302082157,"(8.20669644980564e+01dB,9.00094982700184e+01°)"
173271.502241229,"(8.20511514556544e+01dB,9.00095169401824e+01°)"
173535.102810703,"(8.20353284987431e+01dB,9.00095356777598e+01°)"
173799.10439973,"(8.20194955827367e+01dB,9.00095544830840e+01°)"
174063.507618385,"(8.20036526627518e+01dB,9.00095733564897e+01°)"
174328.313077675,"(8.19877996936912e+01dB,9.00095922983148e+01°)"
174593.521389534,"(8.19719366301795e+01dB,9.00096113088995e+01°)"
174859.133166828,"(8.19560634265886e+01dB,9.00096303885859e+01°)"
175125.149023356,"(8.19401800370484e+01dB,9.00096495377188e+01°)"
175391.569573848,"(8.19242864154206e+01dB,9.00096687566453e+01°)"
175658.395433973,"(8.19083825152962e+01dB,9.00096880457147e+01°)"
175925.627220334,"(8.18924682900162e+01dB,9.00097074052792e+01°)"
176193.265550472,"(8.18765436926538e+01dB,9.00097268356932e+01°)"
176461.311042868,"(8.18606086760201e+01dB,9.00097463373133e+01°)"
176729.764316946,"(8.18446631926520e+01dB,9.00097659104992e+01°)"
176998.625993069,"(8.18287071948166e+01dB,9.00097855556125e+01°)"
177267.896692546,"(8.18127406345097e+01dB,9.00098052730177e+01°)"
177537.57703763,"(8.17967634634541e+01dB,9.00098250630820e+01°)"
177807.667651521,"(8.17807756330894e+01dB,9.00098449261747e+01°)"
178078.169158367,"(8.17647770945970e+01dB,9.00098648626680e+01°)"
178349.082183267,"(8.17487677988566e+01dB,9.00098848729369e+01°)"
178620.407352268,"(8.17327476964737e+01dB,9.00099049573587e+01°)"
178892.145292371,"(8.17167167377697e+01dB,9.00099251163134e+01°)"
179164.296631533,"(8.17006748727903e+01dB,9.00099453501839e+01°)"
179436.861998663,"(8.16846220512706e+01dB,9.00099656593557e+01°)"
179709.842023627,"(8.16685582226743e+01dB,9.00099860442172e+01°)"
179983.237337252,"(8.16524833361641e+01dB,9.00100065051596e+01°)"
180257.048571323,"(8.16363973406184e+01dB,9.00100270425762e+01°)"
180531.276358584,"(8.16203001845981e+01dB,9.00100476568641e+01°)"
180805.921332746,"(8.16041918163892e+01dB,9.00100683484229e+01°)"
181080.98412848,"(8.15880721839586e+01dB,9.00100891176544e+01°)"
181356.465381426,"(8.15719412349810e+01dB,9.00101099649642e+01°)"
181632.365728188,"(8.15557989168262e+01dB,9.00101308907604e+01°)"
181908.68580634,"(8.15396451765386e+01dB,9.00101518954540e+01°)"
182185.426254426,"(8.15234799608805e+01dB,9.00101729794595e+01°)"
182462.587711962,"(8.15073032162768e+01dB,9.00101941431933e+01°)"
182740.170819434,"(8.14911148888552e+01dB,9.00102153870757e+01°)"
183018.176218307,"(8.14749149244147e+01dB,9.00102367115301e+01°)"
183296.604551017,"(8.14587032684443e+01dB,9.00102581169824e+01°)"
183575.456460981,"(8.14424798661080e+01dB,9.00102796038619e+01°)"
183854.732592593,"(8.14262446622395e+01dB,9.00103011726011e+01°)"
184134.433591228,"(8.14099976013616e+01dB,9.00103228236357e+01°)"
184414.560103243,"(8.13937386276553e+01dB,9.00103445574041e+01°)"
184695.112775978,"(8.13774676849663e+01dB,9.00103663743485e+01°)"
184976.092257757,"(8.13611847168223e+01dB,9.00103882749142e+01°)"
185257.499197891,"(8.13448896664007e+01dB,9.00104102595494e+01°)"
185539.33424668,"(8.13285824765484e+01dB,9.00104323287061e+01°)"
185821.598055412,"(8.13122630897730e+01dB,9.00104544828393e+01°)"
186104.291276365,"(8.12959314482262e+01dB,9.00104767224075e+01°)"
186387.414562811,"(8.12795874937273e+01dB,9.00104990478724e+01°)"
186670.968569015,"(8.12632311677350e+01dB,9.00105214596995e+01°)"
186954.953950238,"(8.12468624113635e+01dB,9.00105439583572e+01°)"
187239.371362737,"(8.12304811653731e+01dB,9.00105665443181e+01°)"
187524.221463768,"(8.12140873701615e+01dB,9.00105892180576e+01°)"
187809.504911586,"(8.11976809657702e+01dB,9.00106119800552e+01°)"
188095.222365449,"(8.11812618918781e+01dB,9.00106348307934e+01°)"
188381.374485616,"(8.11648300877975e+01dB,9.00106577707588e+01°)"
188667.961933352,"(8.11483854924709e+01dB,9.00106808004415e+01°)"
188954.985370928,"(8.11319280444773e+01dB,9.00107039203354e+01°)"
189242.44546162,"(8.11154576820184e+01dB,9.00107271309377e+01°)"
189530.342869717,"(8.10989743429096e+01dB,9.00107504327498e+01°)"
189818.678260516,"(8.10824779646083e+01dB,9.00107738262766e+01°)"
190107.452300327,"(8.10659684841629e+01dB,9.00107973120270e+01°)"
190396.665656473,"(8.10494458382627e+01dB,9.00108208905134e+01°)"
190686.318997292,"(8.10329099631865e+01dB,9.00108445622526e+01°)"
190976.412992141,"(8.10163607948352e+01dB,9.00108683277649e+01°)"
191266.948311392,"(8.09997982687119e+01dB,9.00108921875750e+01°)"
191557.92562644,"(8.09832223199203e+01dB,9.00109161422111e+01°)"
191849.345609699,"(8.09666328831653e+01dB,9.00109401922053e+01°)"
192141.208934607,"(8.09500298927482e+01dB,9.00109643380947e+01°)"
192433.516275627,"(8.09334132825638e+01dB,9.00109885804194e+01°)"
192726.268308246,"(8.09167829861028e+01dB,9.00110129197246e+01°)"
193019.465708981,"(8.09001389364198e+01dB,9.00110373565588e+01°)"
193313.109155378,"(8.08834810661894e+01dB,9.00110618914755e+01°)"
193607.199326012,"(8.08668093076333e+01dB,9.00110865250320e+01°)"
193901.736900492,"(8.08501235925648e+01dB,9.00111112577900e+01°)"
194196.72255946,"(8.08334238523782e+01dB,9.00111360903154e+01°)"
194492.156984593,"(8.08167100180206e+01dB,9.00111610231792e+01°)"
194788.040858607,"(8.07999820200189e+01dB,9.00111860569557e+01°)"
195084.374865255,"(8.07832397884553e+01dB,9.00112111922245e+01°)"
195381.159689331,"(8.07664832529837e+01dB,9.00112364295693e+01°)"
195678.396016669,"(8.07497123428038e+01dB,9.00112617695786e+01°)"
195976.084534149,"(8.07329269866632e+01dB,9.00112872128455e+01°)"
196274.225929695,"(8.07161271128813e+01dB,9.00113127599676e+01°)"
196572.820892276,"(8.06993126492976e+01dB,9.00113384115470e+01°)"
196871.870111912,"(8.06824835233135e+01dB,9.00113641681912e+01°)"
197171.374279669,"(8.06656396618558e+01dB,9.00113900305116e+01°)"
197471.334087669,"(8.06487809913957e+01dB,9.00114159991250e+01°)"
197771.750229083,"(8.06319074379240e+01dB,9.00114420746530e+01°)"
198072.623398138,"(8.06150189269685e+01dB,9.00114682577221e+01°)"
198373.954290117,"(8.05981153835735e+01dB,9.00114945489635e+01°)"
198675.743601362,"(8.05811967323159e+01dB,9.00115209490137e+01°)"
198977.992029272,"(8.05642628972723e+01dB,9.00115474585143e+01°)"
199280.700272308,"(8.05473138020403e+01dB,9.00115740781117e+01°)"
199583.869029995,"(8.05303493697215e+01dB,9.00116008084578e+01°)"
199887.499002919,"(8.05133695229205e+01dB,9.00116276502092e+01°)"
200191.590892736,"(8.04963741837465e+01dB,9.00116546040287e+01°)"
200496.145402166,"(8.04793632738035e+01dB,9.00116816705833e+01°)"
200801.163234999,"(8.04623367141823e+01dB,9.00117088505461e+01°)"
201106.645096096,"(8.04452944254609e+01dB,9.00117361445955e+01°)"
201412.591691391,"(8.04282363277046e+01dB,9.00117635534151e+01°)"
201719.003727891,"(8.04111623404654e+01dB,9.00117910776942e+01°)"
202025.881913678,"(8.03940723827421e+01dB,9.00118187181277e+01°)"
202333.226957912,"(8.03769663730347e+01dB,9.00118464754162e+01°)"
202641.039570833,"(8.03598442292947e+01dB,9.00118743502656e+01°)"
202949.32046376,"(8.03427058689364e+01dB,9.00119023433884e+01°)"
203258.070349094,"(8.03255512088232e+01dB,9.00119304555019e+01°)"
203567.28994032,"(8.03083801652900e+01dB,9.00119586873299e+01°)"
203876.97995201,"(8.02911926541053e+01dB,9.00119870396019e+01°)"
204187.14109982,"(8.02739885904766e+01dB,9.00120155130533e+01°)"
204497.774100498,"(8.02567678890634e+01dB,9.00120441084258e+01°)"
204808.879671881,"(8.02395304639518e+01dB,9.00120728264670e+01°)"
205120.458532897,"(8.02222762286569e+01dB,9.00121016679306e+01°)"
205432.511403569,"(8.02050050961151e+01dB,9.00121306335769e+01°)"
205745.039005015,"(8.01877169786881e+01dB,9.00121597241719e+01°)"
206058.042059451,"(8.01704117881557e+01dB,9.00121889404887e+01°)"
206371.52129019,"(8.01530894356912e+01dB,9.00122182833060e+01°)"
206685.477421646,"(8.01357498318926e+01dB,9.00122477534096e+01°)"
206999.911179336,"(8.01183928867348e+01dB,9.00122773515916e+01°)"
207314.82328988,"(8.01010185096112e+01dB,9.00123070786507e+01°)"
207630.214481004,"(8.00836266092856e+01dB,9.00123369353924e+01°)"
207946.085481539,"(8.00662170939126e+01dB,9.00123669226288e+01°)"
208262.437021428,"(8.00487898710257e+01dB,9.00123970411786e+01°)"
208579.269831721,"(8.00313448475388e+01dB,9.00124272918683e+01°)"
208896.584644584,"(8.00138819297149e+01dB,9.00124576755303e+01°)"
209214.382193294,"(7.99964010231935e+01dB,9.00124881930047e+01°)"
209532.663212243,"(7.99789020329712e+01dB,9.00125188451383e+01°)"
209851.428436944,"(7.99613848633940e+01dB,9.00125496327854e+01°)"
210170.678604025,"(7.99438494181550e+01dB,9.00125805568074e+01°)"
210490.414451237,"(7.99262956002754e+01dB,9.00126116180728e+01°)"
210810.636717452,"(7.99087233121291e+01dB,9.00126428174582e+01°)"
211131.346142667,"(7.98911324554056e+01dB,9.00126741558469e+01°)"
211452.543468004,"(7.98735229311315e+01dB,9.00127056341303e+01°)"
211774.229435713,"(7.98558946396302e+01dB,9.00127372532072e+01°)"
212096.404789173,"(7.98382474805459e+01dB,9.00127690139840e+01°)"
212419.070272895,"(7.98205813528321e+01dB,9.00128009173751e+01°)"
212742.22663252,"(7.98028961547347e+01dB,9.00128329643031e+01°)"
213065.874614826,"(7.97851917837934e+01dB,9.00128651556979e+01°)"
213390.014967726,"(7.97674681368409e+01dB,9.00128974924977e+01°)"
213714.64844027,"(7.97497251099737e+01dB,9.00129299756491e+01°)"
214039.77578265,"(7.97319625985828e+01dB,9.00129626061067e+01°)"
214365.397746196,"(7.97141804973060e+01dB,9.00129953848336e+01°)"
214691.515083383,"(7.96963787000559e+01dB,9.00130283128008e+01°)"
215018.128547832,"(7.96785570999903e+01dB,9.00130613909885e+01°)"
215345.238894307,"(7.96607155895230e+01dB,9.00130946203851e+01°)"
215672.846878724,"(7.96428540603016e+01dB,9.00131280019875e+01°)"
216000.953258145,"(7.96249724032121e+01dB,9.00131615368017e+01°)"
216329.558790788,"(7.96070705083571e+01dB,9.00131952258424e+01°)"
216658.664236021,"(7.95891482650763e+01dB,9.00132290701334e+01°)"
216988.270354369,"(7.95712055619039e+01dB,9.00132630707076e+01°)"
217318.377907514,"(7.95532422865930e+01dB,9.00132972286065e+01°)"
217648.987658296,"(7.95352583260953e+01dB,9.00133315448817e+01°)"
217980.100370716,"(7.95172535665414e+01dB,9.00133660205934e+01°)"
218311.716809937,"(7.94992278932629e+01dB,9.00134006568116e+01°)"
218643.837742286,"(7.94811811907526e+01dB,9.00134354546162e+01°)"
218976.463935257,"(7.94631133426808e+01dB,9.00134704150960e+01°)"
219309.59615751,"(7.94450242318762e+01dB,9.00135055393502e+01°)"
219643.235178875,"(7.94269137403258e+01dB,9.00135408284878e+01°)"
219977.381770354,"(7.94087817491555e+01dB,9.00135762836273e+01°)"
220312.03670412,"(7.93906281386324e+01dB,9.00136119058980e+01°)"
220647.200753522,"(7.93724527881592e+01dB,9.00136476964387e+01°)"
220982.874693086,"(7.93542555762510e+01dB,9.00136836563993e+01°)"
221319.059298515,"(7.93360363805456e+01dB,9.00137197869394e+01°)"
221655.755346693,"(7.93177950777783e+01dB,9.00137560892298e+01°)"
221992.963615686,"(7.92995315437900e+01dB,9.00137925644514e+01°)"
222330.684884743,"(7.92812456535080e+01dB,9.00138292137963e+01°)"
222668.919934299,"(7.92629372809354e+01dB,9.00138660384674e+01°)"
223007.669545976,"(7.92446062991542e+01dB,9.00139030396785e+01°)"
223346.934502584,"(7.92262525803053e+01dB,9.00139402186547e+01°)"
223686.715588127,"(7.92078759955836e+01dB,9.00139775766324e+01°)"
224027.013587799,"(7.91894764152331e+01dB,9.00140151148594e+01°)"
224367.829287989,"(7.91710537085422e+01dB,9.00140528345950e+01°)"
224709.163476282,"(7.91526077437994e+01dB,9.00140907371103e+01°)"
225051.016941464,"(7.91341383883400e+01dB,9.00141288236880e+01°)"
225393.390473517,"(7.91156455084996e+01dB,9.00141670956228e+01°)"
225736.284863627,"(7.90971289696044e+01dB,9.00142055542217e+01°)"
226079.700904184,"(7.90785886359849e+01dB,9.00142442008035e+01°)"
226423.639388782,"(7.90600243709408e+01dB,9.00142830366998e+01°)"
226768.101112223,"(7.90414360367468e+01dB,9.00143220632547e+01°)"
227113.086870519,"(7.90228234946374e+01dB,9.00143612818246e+01°)"
227458.597460891,"(7.90041866048017e+01dB,9.00144006937787e+01°)"
227804.633681775,"(7.89855252263686e+01dB,9.00144403004997e+01°)"
228151.19633282,"(7.89668392173894e+01dB,9.00144801033826e+01°)"
228498.286214893,"(7.89481284348414e+01dB,9.00145201038361e+01°)"
228845.904130078,"(7.89293927346182e+01dB,9.00145603032825e+01°)"
229194.05088168,"(7.89106319714993e+01dB,9.00146007031571e+01°)"
229542.727274226,"(7.88918459991605e+01dB,9.00146413049094e+01°)"
229891.934113466,"(7.88730346701611e+01dB,9.00146821100024e+01°)"
230241.672206378,"(7.88541978359123e+01dB,9.00147231199136e+01°)"
230591.942361165,"(7.88353353466855e+01dB,9.00147643361341e+01°)"
230942.745387262,"(7.88164470516077e+01dB,9.00148057601699e+01°)"
231294.082095333,"(7.87975327986302e+01dB,9.00148473935413e+01°)"
231645.953297277,"(7.87785924345153e+01dB,9.00148892377834e+01°)"
231998.359806228,"(7.87596258048587e+01dB,9.00149312944459e+01°)"
232351.302436556,"(7.87406327540334e+01dB,9.00149735650940e+01°)"
232704.782003871,"(7.87216131252097e+01dB,9.00150160513079e+01°)"
233058.799325024,"(7.87025667603234e+01dB,9.00150587546834e+01°)"
233413.355218107,"(7.86834935000813e+01dB,9.00151016768317e+01°)"
233768.450502458,"(7.86643931839345e+01dB,9.00151448193799e+01°)"
234124.085998662,"(7.86452656500698e+01dB,9.00151881839710e+01°)"
234480.26252855,"(7.86261107354045e+01dB,9.00152317722644e+01°)"
234836.980915206,"(7.86069282755604e+01dB,9.00152755859359e+01°)"
235194.241982965,"(7.85877181048592e+01dB,9.00153196266772e+01°)"
235552.046557415,"(7.85684800563098e+01dB,9.00153638961981e+01°)"
235910.395465401,"(7.85492139615956e+01dB,9.00154083962239e+01°)"
236269.289535027,"(7.85299196510547e+01dB,9.00154531284981e+01°)"
236628.729595654,"(7.85105969536655e+01dB,9.00154980947814e+01°)"
236988.716477909,"(7.84912456970508e+01dB,9.00155432968520e+01°)"
237349.251013677,"(7.84718657074363e+01dB,9.00155887365058e+01°)"
237710.334036114,"(7.84524568096612e+01dB,9.00156344155570e+01°)"
238071.96637964,"(7.84330188271474e+01dB,9.00156803358381e+01°)"
238434.148879946,"(7.84135515818928e+01dB,9.00157264991999e+01°)"
238796.882373993,"(7.83940548944590e+01dB,9.00157729075120e+01°)"
239160.167700017,"(7.83745285839416e+01dB,9.00158195626632e+01°)"
239524.005697529,"(7.83549724679775e+01dB,9.00158664665611e+01°)"
239888.397207315,"(7.83353863627105e+01dB,9.00159136211330e+01°)"
240253.343071442,"(7.83157700827863e+01dB,9.00159610283261e+01°)"
240618.844133258,"(7.82961234413312e+01dB,9.00160086901071e+01°)"
240984.901237394,"(7.82764462499438e+01dB,9.00160566084631e+01°)"
241351.515229765,"(7.82567383186683e+01dB,9.00161047854016e+01°)"
241718.686957574,"(7.82369994559896e+01dB,9.00161532229507e+01°)"
242086.417269312,"(7.82172294688081e+01dB,9.00162019231599e+01°)"
242454.707014762,"(7.81974281624252e+01dB,9.00162508880994e+01°)"
242823.557044998,"(7.81775953405311e+01dB,9.00163001198611e+01°)"
243192.96821239,"(7.81577308051767e+01dB,9.00163496205588e+01°)"
243562.941370606,"(7.81378343567752e+01dB,9.00163993923282e+01°)"
243933.477374608,"(7.81179057940653e+01dB,9.00164494373275e+01°)"
244304.577080665,"(7.80979449140996e+01dB,9.00164997577373e+01°)"
244676.241346344,"(7.80779515122354e+01dB,9.00165503557613e+01°)"
245048.471030518,"(7.80579253821053e+01dB,9.00166012336263e+01°)"
245421.266993368,"(7.80378663155966e+01dB,9.00166523935828e+01°)"
245794.63009638,"(7.80177741028481e+01dB,9.00167038379049e+01°)"
246168.561202356,"(7.79976485322182e+01dB,9.00167555688908e+01°)"
246543.061175405,"(7.79774893902656e+01dB,9.00168075888635e+01°)"
246918.130880954,"(7.79572964617383e+01dB,9.00168599001704e+01°)"
247293.771185746,"(7.79370695295488e+01dB,9.00169125051841e+01°)"
247669.982957842,"(7.79168083747512e+01dB,9.00169654063027e+01°)"
248046.767066624,"(7.78965127765266e+01dB,9.00170186059501e+01°)"
248424.124382797,"(7.78761825121589e+01dB,9.00170721065761e+01°)"
248802.055778389,"(7.78558173570133e+01dB,9.00171259106571e+01°)"
249180.562126757,"(7.78354170845177e+01dB,9.00171800206962e+01°)"
249559.644302584,"(7.78149814661464e+01dB,9.00172344392238e+01°)"
249939.303181886,"(7.77945102713858e+01dB,9.00172891687974e+01°)"
250319.539642011,"(7.77740032677181e+01dB,9.00173442120032e+01°)"
250700.35456164,"(7.77534602206083e+01dB,9.00173995714547e+01°)"
251081.748820794,"(7.77328808934714e+01dB,9.00174552497948e+01°)"
251463.72330083,"(7.77122650476441e+01dB,9.00175112496950e+01°)"
251846.278884448,"(7.76916124423755e+01dB,9.00175675738563e+01°)"
252229.416455688,"(7.76709228347984e+01dB,9.00176242250095e+01°)"
252613.136899938,"(7.76501959799054e+01dB,9.00176812059158e+01°)"
252997.44110393,"(7.76294316305175e+01dB,9.00177385193668e+01°)"
253382.329955749,"(7.76086295372735e+01dB,9.00177961681854e+01°)"
253767.804344826,"(7.75877894485961e+01dB,9.00178541552257e+01°)"
254153.865161949,"(7.75669111106598e+01dB,9.00179124833737e+01°)"
254540.513299261,"(7.75459942673897e+01dB,9.00179711555482e+01°)"
254927.749650259,"(7.75250386604079e+01dB,9.00180301747004e+01°)"
255315.575109803,"(7.75040440290219e+01dB,9.00180895438147e+01°)"
255703.990574112,"(7.74830101102005e+01dB,9.00181492659094e+01°)"
256092.996940769,"(7.74619366385346e+01dB,9.00182093440370e+01°)"
256482.595108723,"(7.74408233462246e+01dB,9.00182697812844e+01°)"
256872.785978291,"(7.74196699630407e+01dB,9.00183305807740e+01°)"
257263.570451158,"(7.73984762163016e+01dB,9.00183917456636e+01°)"
257654.949430383,"(7.73772418308381e+01dB,9.00184532791471e+01°)"
258046.923820396,"(7.73559665289780e+01dB,9.00185151844552e+01°)"
258439.494527005,"(7.73346500305047e+01dB,9.00185774648557e+01°)"
258832.662457395,"(7.73132920526307e+01dB,9.00186401236541e+01°)"
259226.428520134,"(7.72918923099733e+01dB,9.00187031641940e+01°)"
259620.793625167,"(7.72704505145071e+01dB,9.00187665898580e+01°)"
260015.758683827,"(7.72489663755596e+01dB,9.00188304040678e+01°)"
260411.324608833,"(7.72274395997573e+01dB,9.00188946102852e+01°)"
260807.492314292,"(7.72058698909974e+01dB,9.00189592120123e+01°)"
261204.262715702,"(7.71842569504279e+01dB,9.00190242127922e+01°)"
261601.636729953,"(7.71626004763995e+01dB,9.00190896162098e+01°)"
261999.615275331,"(7.71409001644411e+01dB,9.00191554258922e+01°)"
262398.199271517,"(7.71191557072259e+01dB,9.00192216455093e+01°)"
262797.389639594,"(7.70973667945337e+01dB,9.00192882787743e+01°)"
263197.187302044,"(7.70755331132154e+01dB,9.00193553294450e+01°)"
263597.593182754,"(7.70536543471597e+01dB,9.00194228013234e+01°)"
263998.608207015,"(7.70317301772574e+01dB,9.00194906982574e+01°)"
264400.233301526,"(7.70097602813692e+01dB,9.00195590241406e+01°)"
264802.469394396,"(7.69877443342752e+01dB,9.00196277829135e+01°)"
265205.317415147,"(7.69656820076553e+01dB,9.00196969785642e+01°)"
265608.778294715,"(7.69435729700332e+01dB,9.00197666151287e+01°)"
266012.852965449,"(7.69214168867566e+01dB,9.00198366966921e+01°)"
266417.54236112,"(7.68992134199403e+01dB,9.00199072273890e+01°)"
266822.847416919,"(7.68769622284393e+01dB,9.00199782114044e+01°)"
267228.769069459,"(7.68546629677958e+01dB,9.00200496529742e+01°)"
267635.308256777,"(7.68323152902167e+01dB,9.00201215563867e+01°)"
268042.465918339,"(7.68099188445099e+01dB,9.00201939259821e+01°)"
268450.242995038,"(7.67874732760632e+01dB,9.00202667661547e+01°)"
268858.640429202,"(7.67649782267817e+01dB,9.00203400813528e+01°)"
269267.659164588,"(7.67424333350569e+01dB,9.00204138760798e+01°)"
269677.300146391,"(7.67198382357240e+01dB,9.00204881548952e+01°)"
270087.564321246,"(7.66971925600053e+01dB,9.00205629224149e+01°)"
270498.452637224,"(7.66744959354740e+01dB,9.00206381833130e+01°)"
270909.966043842,"(7.66517479860082e+01dB,9.00207139423217e+01°)"
271322.105492058,"(7.66289483317349e+01dB,9.00207902042331e+01°)"
271734.87193428,"(7.66060965889926e+01dB,9.00208669738991e+01°)"
272148.266324363,"(7.65831923702780e+01dB,9.00209442562334e+01°)"
272562.289617614,"(7.65602352841934e+01dB,9.00210220562119e+01°)"
272976.942770793,"(7.65372249354076e+01dB,9.00211003788736e+01°)"
273392.226742115,"(7.65141609245860e+01dB,9.00211792293218e+01°)"
273808.142491253,"(7.64910428483617e+01dB,9.00212586127252e+01°)"
274224.690979341,"(7.64678702992641e+01dB,9.00213385343186e+01°)"
274641.873168974,"(7.64446428656801e+01dB,9.00214189994042e+01°)"
275059.690024212,"(7.64213601317855e+01dB,9.00215000133526e+01°)"
275478.142510581,"(7.63980216775039e+01dB,9.00215815816039e+01°)"
275897.231595076,"(7.63746270784381e+01dB,9.00216637096687e+01°)"
276316.958246164,"(7.63511759058263e+01dB,9.00217464031297e+01°)"
276737.323433785,"(7.63276677264726e+01dB,9.00218296676419e+01°)"
277158.328129355,"(7.63041021026940e+01dB,9.00219135089348e+01°)"
277579.973305765,"(7.62804785922595e+01dB,9.00219979328131e+01°)"
278002.259937389,"(7.62567967483301e+01dB,9.00220829451578e+01°)"
278425.189000084,"(7.62330561194002e+01dB,9.00221685519279e+01°)"
278848.761471188,"(7.62092562492264e+01dB,9.00222547591610e+01°)"
279272.97832953,"(7.61853966767717e+01dB,9.00223415729753e+01°)"
279697.840555425,"(7.61614769361367e+01dB,9.00224289995705e+01°)"
280123.34913068,"(7.61374965564985e+01dB,9.00225170452292e+01°)"
280549.505038598,"(7.61134550620346e+01dB,9.00226057163185e+01°)"
280976.309263974,"(7.60893519718672e+01dB,9.00226950192909e+01°)"
281403.762793104,"(7.60651867999844e+01dB,9.00227849606864e+01°)"
281831.866613784,"(7.60409590551691e+01dB,9.00228755471332e+01°)"
282260.621715311,"(7.60166682409442e+01dB,9.00229667853499e+01°)"
282690.029088491,"(7.59923138554716e+01dB,9.00230586821466e+01°)"
283120.089725632,"(7.59678953915037e+01dB,9.00231512444263e+01°)"
283550.804620557,"(7.59434123362965e+01dB,9.00232444791871e+01°)"
283982.174768596,"(7.59188641715340e+01dB,9.00233383935230e+01°)"
284414.201166597,"(7.58942503732479e+01dB,9.00234329946262e+01°)"
284846.884812922,"(7.58695704117552e+01dB,9.00235282897886e+01°)"
285280.226707454,"(7.58448237515458e+01dB,9.00236242864031e+01°)"
285714.227851595,"(7.58200098512306e+01dB,9.00237209919658e+01°)"
286148.889248272,"(7.57951281634511e+01dB,9.00238184140778e+01°)"
286584.211901937,"(7.57701781347803e+01dB,9.00239165604466e+01°)"
287020.19681857,"(7.57451592056509e+01dB,9.00240154388882e+01°)"
287456.845005683,"(7.57200708102663e+01dB,9.00241150573292e+01°)"
287894.157472318,"(7.56949123765043e+01dB,9.00242154238084e+01°)"
288332.135229055,"(7.56696833258352e+01dB,9.00243165464788e+01°)"
288770.779288008,"(7.56443830732192e+01dB,9.00244184336097e+01°)"
289210.090662834,"(7.56190110270237e+01dB,9.00245210935888e+01°)"
289650.07036873,"(7.55935665889173e+01dB,9.00246245349243e+01°)"
290090.71942244,"(7.55680491537758e+01dB,9.00247287662465e+01°)"
290532.038842251,"(7.55424581095924e+01dB,9.00248337963111e+01°)"
290974.029648001,"(7.55167928373567e+01dB,9.00249396340005e+01°)"
291416.692861082,"(7.54910527109737e+01dB,9.00250462883262e+01°)"
291860.029504435,"(7.54652370971435e+01dB,9.00251537684313e+01°)"
292304.040602561,"(7.54393453552619e+01dB,9.00252620835931e+01°)"
292748.727181518,"(7.54133768373096e+01dB,9.00253712432251e+01°)"
293194.090268925,"(7.53873308877435e+01dB,9.00254812568796e+01°)"
293640.130893965,"(7.53612068433849e+01dB,9.00255921342504e+01°)"
294086.850087386,"(7.53350040332984e+01dB,9.00257038851753e+01°)"
294534.248881505,"(7.53087217786843e+01dB,9.00258165196386e+01°)"
294982.328310208,"(7.52823593927556e+01dB,9.00259300477742e+01°)"
295431.089408955,"(7.52559161806162e+01dB,9.00260444798677e+01°)"
295880.533214781,"(7.52293914391354e+01dB,9.00261598263598e+01°)"
296330.660766299,"(7.52027844568306e+01dB,9.00262760978491e+01°)"
296781.473103701,"(7.51760945137333e+01dB,9.00263933050948e+01°)"
297232.971268763,"(7.51493208812551e+01dB,9.00265114590200e+01°)"
297685.156304845,"(7.51224628220613e+01dB,9.00266305707145e+01°)"
298138.029256894,"(7.50955195899379e+01dB,9.00267506514383e+01°)"
298591.591171447,"(7.50684904296446e+01dB,9.00268717126244e+01°)"
299045.843096633,"(7.50413745767826e+01dB,9.00269937658824e+01°)"
299500.786082175,"(7.50141712576429e+01dB,9.00271168230020e+01°)"
299956.421179396,"(7.49868796890699e+01dB,9.00272408959560e+01°)"
300412.749441213,"(7.49594990783064e+01dB,9.00273659969043e+01°)"
300869.77192215,"(7.49320286228441e+01dB,9.00274921381970e+01°)"
301327.489678332,"(7.49044675102634e+01dB,9.00276193323788e+01°)"
301785.903767493,"(7.48768149180900e+01dB,9.00277475921920e+01°)"
302245.015248973,"(7.48490700136159e+01dB,9.00278769305809e+01°)"
302704.825183728,"(7.48212319537508e+01dB,9.00280073606955e+01°)"
303165.334634323,"(7.47932998848392e+01dB,9.00281388958958e+01°)"
303626.544664944,"(7.47652729425128e+01dB,9.00282715497557e+01°)"
304088.456341393,"(7.47371502514887e+01dB,9.00284053360673e+01°)"
304551.070731095,"(7.47089309254162e+01dB,9.00285402688454e+01°)"
305014.388903098,"(7.46806140666825e+01dB,9.00286763623318e+01°)"
305478.411928077,"(7.46521987662316e+01dB,9.00288136309997e+01°)"
305943.140878335,"(7.46236841033756e+01dB,9.00289520895588e+01°)"
306408.576827808,"(7.45950691456055e+01dB,9.00290917529597e+01°)"
306874.720852063,"(7.45663529483863e+01dB,9.00292326363990e+01°)"
307341.574028306,"(7.45375345549725e+01dB,9.00293747553242e+01°)"
307809.137435381,"(7.45086129961884e+01dB,9.00295181254388e+01°)"
308277.412153773,"(7.44795872902302e+01dB,9.00296627627077e+01°)"
308746.399265609,"(7.44504564424442e+01dB,9.00298086833626e+01°)"
309216.099854666,"(7.44212194451207e+01dB,9.00299559039071e+01°)"
309686.515006367,"(7.43918752772645e+01dB,9.00301044411232e+01°)"
310157.645807786,"(7.43624229043693e+01dB,9.00302543120763e+01°)"
310629.493347654,"(7.43328612781903e+01dB,9.00304055341213e+01°)"
311102.058716354,"(7.43031893365096e+01dB,9.00305581249091e+01°)"
311575.343005931,"(7.42734060028839e+01dB,9.00307121023926e+01°)"
312049.34731009,"(7.42435101864156e+01dB,9.00308674848330e+01°)"
312524.0727242,"(7.42135007814848e+01dB,9.00310242908062e+01°)"
312999.520345296,"(7.41833766675108e+01dB,9.00311825392104e+01°)"
313475.691272084,"(7.41531367086723e+01dB,9.00313422492717e+01°)"
313952.586604939,"(7.41227797536457e+01dB,9.00315034405523e+01°)"
314430.20744591,"(7.40923046353450e+01dB,9.00316661329574e+01°)"
314908.554898726,"(7.40617101706160e+01dB,9.00318303467424e+01°)"
315387.63006879,"(7.40309951599749e+01dB,9.00319961025208e+01°)"
315867.434063191,"(7.40001583873031e+01dB,9.00321634212722e+01°)"
316347.9679907,"(7.39691986195550e+01dB,9.00323323243499e+01°)"
316829.232961775,"(7.39381146064468e+01dB,9.00325028334895e+01°)"
317311.230088564,"(7.39069050801492e+01dB,9.00326749708177e+01°)"
317793.960484907,"(7.38755687549717e+01dB,9.00328487588600e+01°)"
318277.425266338,"(7.38441043270277e+01dB,9.00330242205509e+01°)"
318761.625550087,"(7.38125104739102e+01dB,9.00332013792420e+01°)"
319246.562455087,"(7.37807858543469e+01dB,9.00333802587124e+01°)"
319732.237101969,"(7.37489291078482e+01dB,9.00335608831774e+01°)"
320218.650613072,"(7.37169388543590e+01dB,9.00337432772995e+01°)"
320705.804112441,"(7.36848136938894e+01dB,9.00339274661975e+01°)"
321193.698725832,"(7.36525522061421e+01dB,9.00341134754582e+01°)"
321682.335580713,"(7.36201529501248e+01dB,9.00343013311462e+01°)"
322171.715806266,"(7.35876144637766e+01dB,9.00344910598154e+01°)"
322661.840533394,"(7.35549352635473e+01dB,9.00346826885206e+01°)"
323152.710894717,"(7.35221138440013e+01dB,9.00348762448291e+01°)"
323644.32802458,"(7.34891486773990e+01dB,9.00350717568324e+01°)"
324136.693059054,"(7.34560382132647e+01dB,9.00352692531589e+01°)"
324629.807135937,"(7.34227808779405e+01dB,9.00354687629868e+01°)"
325123.671394758,"(7.33893750741560e+01dB,9.00356703160570e+01°)"
325618.286976781,"(7.33558191805518e+01dB,9.00358739426864e+01°)"
326113.655025006,"(7.33221115512146e+01dB,9.00360796737823e+01°)"
326609.776684171,"(7.32882505151928e+01dB,9.00362875408561e+01°)"
327106.653100755,"(7.32542343760040e+01dB,9.00364975760383e+01°)"
327604.285422982,"(7.32200614111322e+01dB,9.00367098120935e+01°)"
328102.674800823,"(7.31857298714998e+01dB,9.00369242824362e+01°)"
328601.822385998,"(7.31512379809450e+01dB,9.00371410211464e+01°)"
329101.729331981,"(7.31165839356716e+01dB,9.00373600629864e+01°)"
329602.396793996,"(7.30817659036937e+01dB,9.00375814434175e+01°)"
330103.82592903,"(7.30467820242629e+01dB,9.00378051986180e+01°)"
330606.017895828,"(7.30116304072786e+01dB,9.00380313655005e+01°)"
331108.973854896,"(7.29763091326944e+01dB,9.00382599817312e+01°)"
331612.694968507,"(7.29408162498907e+01dB,9.00384910857482e+01°)"
332117.182400704,"(7.29051497770510e+01dB,9.00387247167820e+01°)"
332622.437317297,"(7.28693077005129e+01dB,9.00389609148753e+01°)"
333128.460885873,"(7.28332879740949e+01dB,9.00391997209039e+01°)"
333635.254275794,"(7.27970885184218e+01dB,9.00394411765985e+01°)"
334142.818658201,"(7.27607072202177e+01dB,9.00396853245671e+01°)"
334651.155206015,"(7.27241419316016e+01dB,9.00399322083173e+01°)"
335160.265093945,"(7.26873904693274e+01dB,9.00401818722806e+01°)"
335670.149498483,"(7.26504506140446e+01dB,9.00404343618364e+01°)"
336180.809597915,"(7.26133201095182e+01dB,9.00406897233376e+01°)"
336692.246572317,"(7.25759966618202e+01dB,9.00409480041359e+01°)"
337204.461603559,"(7.25384779385289e+01dB,9.00412092526094e+01°)"
337717.455875313,"(7.25007615678664e+01dB,9.00414735181895e+01°)"
338231.230573048,"(7.24628451378534e+01dB,9.00417408513902e+01°)"
338745.786884037,"(7.24247261954099e+01dB,9.00420113038372e+01°)"
339261.125997363,"(7.23864022454425e+01dB,9.00422849282983e+01°)"
339777.249103913,"(7.23478707499186e+01dB,9.00425617787150e+01°)"
340294.157396388,"(7.23091291268909e+01dB,9.00428419102353e+01°)"
340811.852069303,"(7.22701747495116e+01dB,9.00431253792467e+01°)"
341330.334318992,"(7.22310049450185e+01dB,9.00434122434114e+01°)"
341849.605343606,"(7.21916169936826e+01dB,9.00437025617020e+01°)"
342369.666343121,"(7.21520081277347e+01dB,9.00439963944388e+01°)"
342890.518519337,"(7.21121755302662e+01dB,9.00442938033275e+01°)"
343412.163075885,"(7.20721163340762e+01dB,9.00445948515002e+01°)"
343934.601218223,"(7.20318276205081e+01dB,9.00448996035550e+01°)"
344457.834153647,"(7.19913064182497e+01dB,9.00452081255993e+01°)"
344981.863091286,"(7.19505497020888e+01dB,9.00455204852936e+01°)"
345506.689242112,"(7.19095543916344e+01dB,9.00458367518970e+01°)"
346032.313818937,"(7.18683173500033e+01dB,9.00461569963139e+01°)"
346558.738036417,"(7.18268353824733e+01dB,9.00464812911437e+01°)"
347085.96311106,"(7.17851052350848e+01dB,9.00468097107301e+01°)"
347613.990261221,"(7.17431235932101e+01dB,9.00471423312144e+01°)"
348142.820707109,"(7.17008870800679e+01dB,9.00474792305889e+01°)"
348672.455670791,"(7.16583922552151e+01dB,9.00478204887539e+01°)"
349202.896376192,"(7.16156356129593e+01dB,9.00481661875751e+01°)"
349734.144049099,"(7.15726135807592e+01dB,9.00485164109444e+01°)"
350266.199917164,"(7.15293225175411e+01dB,9.00488712448424e+01°)"
350799.065209906,"(7.14857587119969e+01dB,9.00492307774033e+01°)"
351332.741158716,"(7.14419183808009e+01dB,9.00495950989820e+01°)"
351867.228996856,"(7.13977976667827e+01dB,9.00499643022244e+01°)"
352402.529959468,"(7.13533926370424e+01dB,9.00503384821395e+01°)"
352938.645283568,"(7.13086992810105e+01dB,9.00507177361749e+01°)"
353475.576208058,"(7.12637135084269e+01dB,9.00511021642948e+01°)"
354013.323973722,"(7.12184311472827e+01dB,9.00514918690612e+01°)"
354551.889823235,"(7.11728479416719e+01dB,9.00518869557185e+01°)"
355091.275001158,"(7.11269595495762e+01dB,9.00522875322805e+01°)"
355631.48075395,"(7.10807615406033e+01dB,9.00526937096222e+01°)"
356172.508329962,"(7.10342493936022e+01dB,9.00531056015739e+01°)"
356714.358979448,"(7.09874184942482e+01dB,9.00535233250200e+01°)"
357257.033954561,"(7.09402641325192e+01dB,9.00539470000010e+01°)"
357800.53450936,"(7.08927815000872e+01dB,9.00543767498204e+01°)"
358344.861899813,"(7.08449656876345e+01dB,9.00548127011556e+01°)"
358890.017383796,"(7.07968116820745e+01dB,9.00552549841730e+01°)"
359436.002221102,"(7.07483143636545e+01dB,9.00557037326479e+01°)"
359982.817673438,"(7.06994685030073e+01dB,9.00561590840907e+01°)"
360530.465004431,"(7.06502687580489e+01dB,9.00566211798760e+01°)"
361078.945479631,"(7.06007096707906e+01dB,9.00570901653796e+01°)"
361628.260366513,"(7.05507856640475e+01dB,9.00575661901189e+01°)"
362178.41093448,"(7.05004910380102e+01dB,9.00580494079018e+01°)"
362729.398454866,"(7.04498199667026e+01dB,9.00585399769796e+01°)"
363281.22420094,"(7.03987664943172e+01dB,9.00590380602086e+01°)"
363833.889447908,"(7.03473245314101e+01dB,9.00595438252171e+01°)"
364387.395472914,"(7.02954878509552e+01dB,9.00600574445808e+01°)"
364941.743555047,"(7.02432500842628e+01dB,9.00605790960053e+01°)"
365496.934975342,"(7.01906047167328e+01dB,9.00611089625172e+01°)"
366052.971016782,"(7.01375450834694e+01dB,9.00616472326638e+01°)"
366609.852964301,"(7.00840643647019e+01dB,9.00621941007210e+01°)"
367167.58210479,"(7.00301555810588e+01dB,9.00627497669120e+01°)"
367726.159727095,"(6.99758115886507e+01dB,9.00633144376349e+01°)"
368285.587122026,"(6.99210250739510e+01dB,9.00638883257014e+01°)"
368845.865582354,"(6.98657885485077e+01dB,9.00644716505866e+01°)"
369406.996402818,"(6.98100943434182e+01dB,9.00650646386901e+01°)"
369968.980880126,"(6.97539346036013e+01dB,9.00656675236103e+01°)"
370531.82031296,"(6.96973012818445e+01dB,9.00662805464311e+01°)"
371095.516001976,"(6.96401861326014e+01dB,9.00669039560223e+01°)"
371660.06924981,"(6.95825807055452e+01dB,9.00675380093554e+01°)"
372225.481361079,"(6.95244763388598e+01dB,9.00681829718339e+01°)"
372791.753642385,"(6.94658641522655e+01dB,9.00688391176405e+01°)"
373358.887402318,"(6.94067350397279e+01dB,9.00695067301010e+01°)"
373926.883951459,"(6.93470796618957e+01dB,9.00701861020676e+01°)"
374495.744602381,"(6.92868884382010e+01dB,9.00708775363199e+01°)"
375065.470669657,"(6.92261515386311e+01dB,9.00715813459876e+01°)"
375636.063469856,"(6.91648588751413e+01dB,9.00722978549945e+01°)"
376207.524321553,"(6.91030000927110e+01dB,9.00730273985254e+01°)"
376779.854545328,"(6.90405645600011e+01dB,9.00737703235179e+01°)"
377353.05546377,"(6.89775413596024e+01dB,9.00745269891793e+01°)"
377927.12840148,"(6.89139192778530e+01dB,9.00752977675321e+01°)"
378502.074685073,"(6.88496867942042e+01dB,9.00760830439877e+01°)"
379077.895643185,"(6.87848320701036e+01dB,9.00768832179518e+01°)"
379654.592606472,"(6.87193429373794e+01dB,9.00776987034632e+01°)"
380232.166907612,"(6.86532068860749e+01dB,9.00785299298667e+01°)"
380810.619881313,"(6.85864110517509e+01dB,9.00793773425250e+01°)"
381389.952864314,"(6.85189422021651e+01dB,9.00802414035691e+01°)"
381970.167195386,"(6.84507867233287e+01dB,9.00811225926923e+01°)"
382551.264215337,"(6.83819306049289e+01dB,9.00820214079892e+01°)"
383133.245267014,"(6.83123594250011e+01dB,9.00829383668438e+01°)"
383716.11169531,"(6.82420583339075e+01dB,9.00838740068684e+01°)"
384299.864847161,"(6.81710120374945e+01dB,9.00848288868988e+01°)"
384884.506071553,"(6.80992047794425e+01dB,9.00858035880483e+01°)"
385470.036719523,"(6.80266203227152e+01dB,9.00867987148252e+01°)"
386056.458144167,"(6.79532419300777e+01dB,9.00878148963184e+01°)"
386643.771700635,"(6.78790523436427e+01dB,9.00888527874550e+01°)"
387231.978746142,"(6.78040337633289e+01dB,9.00899130703370e+01°)"
387821.080639966,"(6.77281678242237e+01dB,9.00909964556605e+01°)"
388411.078743453,"(6.76514355727591e+01dB,9.00921036842260e+01°)"
389001.974420021,"(6.75738174415990e+01dB,9.00932355285442e+01°)"
389593.769035162,"(6.74952932232040e+01dB,9.00943927945458e+01°)"
390186.463956443,"(6.74158420419484e+01dB,9.00955763234045e+01°)"
390780.060553515,"(6.73354423247103e+01dB,9.00967869934778e+01°)"
391374.560198111,"(6.72540717698344e+01dB,9.00980257223804e+01°)"
391969.96426405,"(6.71717073143576e+01dB,9.00992934691958e+01°)"
392566.274127243,"(6.70883250993630e+01dB,9.01005912368344e+01°)"
393163.491165693,"(6.70039004333740e+01dB,9.01019200745827e+01°)"
393761.616759499,"(6.69184077535800e+01dB,9.01032810807631e+01°)"
394360.65229086,"(6.68318205848502e+01dB,9.01046754056721e+01°)"
394960.599144078,"(6.67441114962639e+01dB,9.01061042546582e+01°)"
395561.458705561,"(6.66552520550302e+01dB,9.01075688914562e+01°)"
396163.232363826,"(6.65652127776509e+01dB,9.01090706417551e+01°)"
396765.921509502,"(6.64739630780267e+01dB,9.01106108970345e+01°)"
397369.527535334,"(6.63814712123598e+01dB,9.01121911186884e+01°)"
397974.051836185,"(6.62877042205711e+01dB,9.01138128424635e+01°)"
398579.495809043,"(6.61926278639683e+01dB,9.01154776832388e+01°)"
399185.860853017,"(6.60962065588951e+01dB,9.01171873401792e+01°)"
399793.148369346,"(6.59984033060205e+01dB,9.01189436022969e+01°)"
400401.359761403,"(6.58991796149165e+01dB,9.01207483544592e+01°)"
401010.496434694,"(6.57984954235955e+01dB,9.01226035838831e+01°)"
401620.559796862,"(6.56963090125136e+01dB,9.01245113871670e+01°)"
402231.551257694,"(6.55925769126597e+01dB,9.01264739779090e+01°)"
402843.47222912,"(6.54872538071652e+01dB,9.01284936949709e+01°)"
403456.324125219,"(6.53802924259434e+01dB,9.01305730114572e+01°)"
404070.108362221,"(6.52716434327187e+01dB,9.01327145444402e+01°)"
404684.82635851,"(6.51612553037483e+01dB,9.01349210656448e+01°)"
405300.479534628,"(6.50490741975791e+01dB,9.01371955129565e+01°)"
405917.069313279,"(6.49350438149648e+01dB,9.01395410030796e+01°)"
406534.59711933,"(6.48191052480495e+01dB,9.01419608453315e+01°)"
407153.064379817,"(6.47011968177979e+01dB,9.01444585567343e+01°)"
407772.472523945,"(6.45812538986444e+01dB,9.01470378785502e+01°)"
408392.822983096,"(6.44592087290185e+01dB,9.01497027944212e+01°)"
409014.117190828,"(6.43349902064140e+01dB,9.01524575503103e+01°)"
409636.356582879,"(6.42085236655045e+01dB,9.01553066763993e+01°)"
410259.542597173,"(6.40797306375064e+01dB,9.01582550112954e+01°)"
410883.676673821,"(6.39485285889310e+01dB,9.01613077286897e+01°)"
411508.760255125,"(6.38148306375334e+01dB,9.01644703668206e+01°)"
412134.79478558,"(6.36785452430195e+01dB,9.01677488611692e+01°)"
412761.781711879,"(6.35395758698472e+01dB,9.01711495806715e+01°)"
413389.722482918,"(6.33978206188926e+01dB,9.01746793680137e+01°)"
414018.618549794,"(6.32531718246563e+01dB,9.01783455844414e+01°)"
414648.471365813,"(6.31055156139031e+01dB,9.01821561598359e+01°)"
415279.282386493,"(6.29547314213221e+01dB,9.01861196486440e+01°)"
415911.053069565,"(6.28006914570616e+01dB,9.01902452925525e+01°)"
416543.784874978,"(6.26432601202281e+01dB,9.01945430909116e+01°)"
417177.479264901,"(6.24822933517434e+01dB,9.01990238799014e+01°)"
417812.13770373,"(6.23176379187471e+01dB,9.02036994219335e+01°)"
418447.761658086,"(6.21491306218163e+01dB,9.02085825067137e+01°)"
419084.352596824,"(6.19765974146139e+01dB,9.02136870658350e+01°)"
419721.91199103,"(6.17998524243162e+01dB,9.02190283030648e+01°)"
420360.441314032,"(6.16186968588365e+01dB,9.02246228428854e+01°)"
420999.942041396,"(6.14329177850365e+01dB,9.02304889003401e+01°)"
421640.415650934,"(6.12422867589906e+01dB,9.02366464758437e+01°)"
422281.863622708,"(6.10465582864271e+01dB,9.02431175793394e+01°)"
422924.287439029,"(6.08454680873221e+01dB,9.02499264890968e+01°)"
423567.688584464,"(6.06387311340521e+01dB,9.02571000515610e+01°)"
424212.06854584,"(6.04260394266923e+01dB,9.02646680300531e+01°)"
424857.428812243,"(6.02070594619686e+01dB,9.02726635118697e+01°)"
425503.770875026,"(5.99814293438627e+01dB,9.02811233855187e+01°)"
426151.096227811,"(5.97487554732726e+01dB,9.02900889026022e+01°)"
426799.406366493,"(5.95086087407664e+01dB,9.02996063424011e+01°)"
427448.702789241,"(5.92605201303137e+01dB,9.03097278017452e+01°)"
428098.986996504,"(5.90039756210629e+01dB,9.03205121386182e+01°)"
428750.260491013,"(5.87384102482421e+01dB,9.03320261055796e+01°)"
429402.524777787,"(5.84632011510876e+01dB,9.03443457190893e+01°)"
430055.781364132,"(5.81776593930992e+01dB,9.03575579240836e+01°)"
430710.031759649,"(5.78810202850315e+01dB,9.03717626308293e+01°)"
431365.277476235,"(5.75724318690698e+01dB,9.03870752249671e+01°)"
432021.520028087,"(5.72509411284558e+01dB,9.04036296841386e+01°)"
432678.760931706,"(5.69154773611417e+01dB,9.04215824794073e+01°)"
433337.001705899,"(5.65648319876565e+01dB,9.04411175021069e+01°)"
433996.243871785,"(5.61976338341053e+01dB,9.04624523449646e+01°)"
434656.488952796,"(5.58123186164781e+01dB,9.04858463926314e+01°)"
435317.738474682,"(5.54070909131520e+01dB,9.05116113603965e+01°)"
435979.993965515,"(5.49798762915384e+01dB,9.05401251911062e+01°)"
436643.25695569,"(5.45282603621070e+01dB,9.05718506292320e+01°)"
437307.52897793,"(5.40494102282542e+01dB,9.06073604166260e+01°)"
437972.811567293,"(5.35399718545841e+01dB,9.06473720390950e+01°)"
438639.106261169,"(5.29959339137777e+01dB,9.06927965313010e+01°)"
439306.414599288,"(5.24124440520018e+01dB,9.07448084556757e+01°)"
439974.738123723,"(5.17835561137198e+01dB,9.08049486072592e+01°)"
440644.078378892,"(5.11018746545393e+01dB,9.08752788072597e+01°)"
441314.436911562,"(5.03580422083722e+01dB,9.09586224486086e+01°)"
441985.815270855,"(4.95399777016986e+01dB,9.10589518456848e+01°)"
442658.215008249,"(4.86317054106106e+01dB,9.11820387333368e+01°)"
443331.637677581,"(4.76114782675909e+01dB,9.13366030693694e+01°)"
444006.084835054,"(4.64486148430688e+01dB,9.15364705279241e+01°)"
444681.558039237,"(4.50978225223713e+01dB,9.18049486789216e+01°)"
445358.05885107,"(4.34881518968422e+01dB,9.21846327330617e+01°)"
446035.588833868,"(4.14990507259151e+01dB,9.27625410915728e+01°)"
446714.149553326,"(3.88998395643059e+01dB,9.37483381535690e+01°)"
447393.742577517,"(3.51554145345905e+01dB,9.58068106274648e+01°)"
448074.369476904,"(2.84544541883577e+01dB,1.02713687103737e+02°)"
448756.031824336,"(1.80981647303973e+01dB,-1.36822572158528e+02°)"
449438.731195056,"(3.14717632629787e+01dB,-9.90492251756052e+01°)"
450122.469166703,"(3.67686644812365e+01dB,-9.49317872065322e+01°)"
450807.247319317,"(4.00628264694628e+01dB,-9.33926484692889e+01°)"
451493.067235341,"(4.24604024227326e+01dB,-9.25887852292038e+01°)"
452179.930499625,"(4.43483023925134e+01dB,-9.20951202022144e+01°)"
452867.83869943,"(4.59071962408978e+01dB,-9.17612128509771e+01°)"
453556.793424434,"(4.72360928227976e+01dB,-9.15203473275068e+01°)"
454246.796266731,"(4.83951415441088e+01dB,-9.13384111403989e+01°)"
454937.848820837,"(4.94236263955005e+01dB,-9.11961497518606e+01°)"
455629.952683696,"(5.03486209209637e+01dB,-9.10818723833154e+01°)"
456323.109454678,"(5.11895756126330e+01dB,-9.09880703779841e+01°)"
457017.32073559,"(5.19609352895145e+01dB,-9.09097007753065e+01°)"
457712.588130673,"(5.26737216341739e+01dB,-9.08432510535263e+01°)"
458408.91324661,"(5.33365359995692e+01dB,-9.07861995326681e+01°)"
459106.297692527,"(5.39562199868351e+01dB,-9.07366890278469e+01°)"
459804.74308,"(5.45383050160211e+01dB,-9.06933215097004e+01°)"
460504.251023054,"(5.50873269275414e+01dB,-9.06550244738695e+01°)"
461204.823138173,"(5.56070514914431e+01dB,-9.06209614113619e+01°)"
461906.461044296,"(5.61006394816883e+01dB,-9.05904702856443e+01°)"
462609.166362828,"(5.65707697643750e+01dB,-9.05630203019763e+01°)"
463312.94071764,"(5.70197325958956e+01dB,-9.05381809235437e+01°)"
464017.785735073,"(5.74495013841281e+01dB,-9.05155992693594e+01°)"
464723.703043942,"(5.78617886160225e+01dB,-9.04949833627595e+01°)"
465430.694275541,"(5.82580899669465e+01dB,-9.04760895367635e+01°)"
466138.761063643,"(5.86397194674111e+01dB,-9.04587128406731e+01°)"
466847.905044511,"(5.90078378181559e+01dB,-9.04426796454206e+01°)"
467558.127856893,"(5.93634753956159e+01dB,-9.04278418813765e+01°)"
468269.431142033,"(5.97075510993720e+01dB,-9.04140725030991e+01°)"
468981.81654367,"(6.00408879121068e+01dB,-9.04012618866771e+01°)"
469695.285708043,"(6.03642258370207e+01dB,-9.03893149433534e+01°)"
470409.840283899,"(6.06782327258631e+01dB,-9.03781487886134e+01°)"
471125.48192249,"(6.09835133973017e+01dB,-9.03676908459058e+01°)"
471842.212277581,"(6.12806173597128e+01dB,-9.03578772932947e+01°)"
472560.033005453,"(6.15700453870879e+01dB,-9.03486517828094e+01°)"
473278.945764906,"(6.18522551466057e+01dB,-9.03399643782281e+01°)"
473998.952217265,"(6.21276660373935e+01dB,-9.03317706690320e+01°)"
474720.054026382,"(6.23966633695638e+01dB,-9.03240310273590e+01°)"
475442.25285864,"(6.26596019886521e+01dB,-9.03167099817381e+01°)"
476165.550382955,"(6.29168094314743e+01dB,-9.03097756867406e+01°)"
476889.948270786,"(6.31685886843225e+01dB,-9.03031994718338e+01°)"
477615.448196132,"(6.34152206021729e+01dB,-9.02969554559770e+01°)"
478342.05183554,"(6.36569660376759e+01dB,-9.02910202170469e+01°)"
479069.760868105,"(6.38940677208264e+01dB,-9.02853725072032e+01°)"
479798.576975481,"(6.41267519235068e+01dB,-9.02799930069165e+01°)"
480528.501841876,"(6.43552299378232e+01dB,-9.02748641116681e+01°)"
481259.537154063,"(6.45796993927275e+01dB,-9.02699697463673e+01°)"
481991.68460138,"(6.48003454296774e+01dB,-9.02652952033763e+01°)"
482724.945875734,"(6.50173417551259e+01dB,-9.02608270007107e+01°)"
483459.322671608,"(6.52308515849962e+01dB,-9.02565527575448e+01°)"
484194.816686061,"(6.54410284942158e+01dB,-9.02524610846079e+01°)"
484931.429618735,"(6.56480171825318e+01dB,-9.02485414874342e+01°)"
485669.163171858,"(6.58519541663803e+01dB,-9.02447842807432e+01°)"
486408.019050246,"(6.60529684051614e+01dB,-9.02411805124843e+01°)"
487147.99896131,"(6.62511818693503e+01dB,-9.02377218962949e+01°)"
487889.104615057,"(6.64467100567550e+01dB,-9.02344007513192e+01°)"
488631.337724098,"(6.66396624625621e+01dB,-9.02312099484387e+01°)"
489374.700003647,"(6.68301430080307e+01dB,-9.02281428621704e+01°)"
490119.193171528,"(6.70182504321908e+01dB,-9.02251933275181e+01°)"
490864.818948179,"(6.72040786502785e+01dB,-9.02223556012084e+01°)"
491611.579056656,"(6.73877170822956e+01dB,-9.02196243267946e+01°)"
492359.475222633,"(6.75692509546453e+01dB,-9.02169945031900e+01°)"
493108.509174413,"(6.77487615774672e+01dB,-9.02144614562412e+01°)"
493858.682642926,"(6.79263265999892e+01dB,-9.02120208130078e+01°)"
494609.997361737,"(6.81020202460038e+01dB,-9.02096684784514e+01°)"
495362.455067048,"(6.82759135312848e+01dB,-9.02074006142765e+01°)"
496116.0574977,"(6.84480744646386e+01dB,-9.02052136196958e+01°)"
496870.806395181,"(6.86185682340196e+01dB,-9.02031041139190e+01°)"
497626.70350363,"(6.87874573790942e+01dB,-9.02010689201884e+01°)"
498383.750569837,"(6.89548019513952e+01dB,-9.01991050512072e+01°)"
499141.949343251,"(6.91206596631810e+01dB,-9.01972096958185e+01°)"
499901.30157598,"(6.92850860259405e+01dB,-9.01953802068131e+01°)"
500661.809022801,"(6.94481344794254e+01dB,-9.01936140897626e+01°)"
501423.473441157,"(6.96098565119940e+01dB,-9.01919089927646e+01°)"
502186.296591167,"(6.97703017730059e+01dB,-9.01902626970364e+01°)"
502950.280235628,"(6.99295181778680e+01dB,-9.01886731082733e+01°)"
503715.426140017,"(7.00875520063665e+01dB,-9.01871382486400e+01°)"
504481.736072498,"(7.02444479947908e+01dB,-9.01856562495082e+01°)"
505249.211803924,"(7.04002494223604e+01dB,-9.01842253446284e+01°)"
506017.855107844,"(7.05549981923679e+01dB,-9.01828438639030e+01°)"
506787.667760502,"(7.07087349084730e+01dB,-9.01815102276291e+01°)"
507558.651540848,"(7.08614989464967e+01dB,-9.01802229411724e+01°)"
508330.808230534,"(7.10133285220801e+01dB,-9.01789805899975e+01°)"
509104.139613927,"(7.11642607544783e+01dB,-9.01777818351356e+01°)"
509878.647478105,"(7.13143317268268e+01dB,-9.01766254089387e+01°)"
510654.333612867,"(7.14635765430951e+01dB,-9.01755101111547e+01°)"
511431.199810733,"(7.16120293820035e+01dB,-9.01744348052899e+01°)"
512209.247866952,"(7.17597235481027e+01dB,-9.01733984152292e+01°)"
512988.479579502,"(7.19066915202343e+01dB,-9.01723999221015e+01°)"
513768.896749098,"(7.20529649975581e+01dB,-9.01714383613640e+01°)"
514550.501179194,"(7.21985749433207e+01dB,-9.01705128200967e+01°)"
515333.294675987,"(7.23435516265321e+01dB,-9.01696224344857e+01°)"
516117.279048422,"(7.24879246616874e+01dB,-9.01687663874848e+01°)"
516902.456108196,"(7.26317230467013e+01dB,-9.01679439066413e+01°)"
517688.827669764,"(7.27749751991496e+01dB,-9.01671542620757e+01°)"
518476.395550339,"(7.29177089909750e+01dB,-9.01663967646026e+01°)"
519265.161569898,"(7.30599517817363e+01dB,-9.01656707639865e+01°)"
520055.127551189,"(7.32017304505403e+01dB,-9.01649756473203e+01°)"
520846.295319733,"(7.33430714267289e+01dB,-9.01643108375210e+01°)"
521638.666703825,"(7.34840007194286e+01dB,-9.01636757919338e+01°)"
522432.243534546,"(7.36245439460465e+01dB,-9.01630700010392e+01°)"
523227.027645759,"(7.37647263597919e+01dB,-9.01624929872553e+01°)"
524023.020874118,"(7.39045728763097e+01dB,-9.01619443038324e+01°)"
524820.225059071,"(7.40441080994880e+01dB,-9.01614235338316e+01°)"
525618.642042866,"(7.41833563465220e+01dB,-9.01609302891853e+01°)"
526418.273670551,"(7.43223416722866e+01dB,-9.01604642098350e+01°)"
527219.121789983,"(7.44610878930955e+01dB,-9.01600249629412e+01°)"
528021.18825183,"(7.45996186098946e+01dB,-9.01596122421640e+01°)"
528824.474909573,"(7.47379572309596e+01dB,-9.01592257670100e+01°)"
529628.983619516,"(7.48761269941398e+01dB,-9.01588652822431e+01°)"
530434.716240785,"(7.50141509887177e+01dB,-9.01585305573568e+01°)"
531241.674635335,"(7.51520521769210e+01dB,-9.01582213861058e+01°)"
532049.860667953,"(7.52898534151508e+01dB,-9.01579375860954e+01°)"
532859.276206265,"(7.54275774749650e+01dB,-9.01576789984263e+01°)"
533669.923120735,"(7.55652470638735e+01dB,-9.01574454873937e+01°)"
534481.803284675,"(7.57028848459870e+01dB,-9.01572369402403e+01°)"
535294.918574246,"(7.58405134625711e+01dB,-9.01570532669607e+01°)"
536109.270868464,"(7.59781555525469e+01dB,-9.01568944001585e+01°)"
536924.862049202,"(7.61158337729896e+01dB,-9.01567602949533e+01°)"
537741.694001198,"(7.62535708196673e+01dB,-9.01566509289400e+01°)"
538559.768612055,"(7.63913894476701e+01dB,-9.01565663021976e+01°)"
539379.087772249,"(7.65293124921762e+01dB,-9.01565064373497e+01°)"
540199.653375133,"(7.66673628893940e+01dB,-9.01564713796760e+01°)"
541021.467316938,"(7.68055636977461e+01dB,-9.01564611972765e+01°)"
541844.531496781,"(7.69439381193227e+01dB,-9.01564759812873e+01°)"
542668.847816669,"(7.70825095216771e+01dB,-9.01565158461510e+01°)"
543494.418181501,"(7.72213014599923e+01dB,-9.01565809299420e+01°)"
544321.244499075,"(7.73603376996935e+01dB,-9.01566713947488e+01°)"
545149.32868009,"(7.74996422395485e+01dB,-9.01567874271137e+01°)"
545978.672638154,"(7.76392393353146e+01dB,-9.01569292385342e+01°)"
546809.278289785,"(7.77791535239995e+01dB,-9.01570970660269e+01°)"
547641.147554415,"(7.79194096487964e+01dB,-9.01572911727561e+01°)"
548474.282354399,"(7.80600328847448e+01dB,-9.01575118487319e+01°)"
549308.684615016,"(7.82010487652124e+01dB,-9.01577594115802e+01°)"
550144.356264471,"(7.83424832092522e+01dB,-9.01580342073861e+01°)"
550981.299233906,"(7.84843625499098e+01dB,-9.01583366116219e+01°)"
551819.515457399,"(7.86267135635805e+01dB,-9.01586670301511e+01°)"
552659.00687197,"(7.87695635004834e+01dB,-9.01590259003306e+01°)"
553499.775417588,"(7.89129401163564e+01dB,-9.01594136922014e+01°)"
554341.823037171,"(7.90568717054648e+01dB,-9.01598309097823e+01°)"
555185.151676594,"(7.92013871350287e+01dB,-9.01602780924706e+01°)"
556029.763284691,"(7.93465158811867e+01dB,-9.01607558165577e+01°)"
556875.659813264,"(7.94922880666101e+01dB,-9.01612646968671e+01°)"
557722.843217079,"(7.96387344998897e+01dB,-9.01618053885258e+01°)"
558571.315453881,"(7.97858867168546e+01dB,-9.01623785888732e+01°)"
559421.078484391,"(7.99337770239491e+01dB,-9.01629850395271e+01°)"
560272.134272312,"(8.00824385438391e+01dB,-9.01636255286083e+01°)"
561124.484784337,"(8.02319052634249e+01dB,-9.01643008931520e+01°)"
561978.131990148,"(8.03822120844272e+01dB,-9.01650120216911e+01°)"
562833.077862426,"(8.05333948767939e+01dB,-9.01657598570629e+01°)"
563689.324376852,"(8.06854905350752e+01dB,-9.01665453994288e+01°)"
564546.873512112,"(8.08385370380669e+01dB,-9.01673697096193e+01°)"
565405.727249903,"(8.09925735119904e+01dB,-9.01682339124955e+01°)"
566265.887574936,"(8.11476402974066e+01dB,-9.01691392009371e+01°)"
567127.356474944,"(8.13037790202337e+01dB,-9.01700868398921e+01°)"
567990.135940681,"(8.14610326672372e+01dB,-9.01710781708856e+01°)"
568854.22796593,"(8.16194456662708e+01dB,-9.01721146168560e+01°)"
569719.634547508,"(8.17790639717131e+01dB,-9.01731976874083e+01°)"
570586.35768527,"(8.19399351555499e+01dB,-9.01743289845216e+01°)"
571454.399382113,"(8.21021085045473e+01dB,-9.01755102087505e+01°)"
572323.76164398,"(8.22656351240794e+01dB,-9.01767431659557e+01°)"
573194.446479867,"(8.24305680491489e+01dB,-9.01780297746232e+01°)"
574066.455901826,"(8.25969623632649e+01dB,-9.01793720738617e+01°)"
574939.791924971,"(8.27648753258777e+01dB,-9.01807722320923e+01°)"
575814.456567479,"(8.29343665091283e+01dB,-9.01822325565364e+01°)"
576690.4518506,"(8.31054979448017e+01dB,-9.01837555036417e+01°)"
577567.779798656,"(8.32783342823932e+01dB,-9.01853436903601e+01°)"
578446.442439053,"(8.34529429593776e+01dB,-9.01869999066570e+01°)"
579326.441802277,"(8.36293943848366e+01dB,-9.01887271291246e+01°)"
580207.779921905,"(8.38077621377369e+01dB,-9.01905285359775e+01°)"
581090.458834608,"(8.39881231813342e+01dB,-9.01924075235378e+01°)"
581974.480580154,"(8.41705580953086e+01dB,-9.01943677243974e+01°)"
582859.847201416,"(8.43551513274492e+01dB,-9.01964130274542e+01°)"
583746.560744373,"(8.45419914669284e+01dB,-9.01985476000516e+01°)"
584634.623258118,"(8.47311715414412e+01dB,-9.02007759124843e+01°)"
585524.03679486,"(8.49227893407858e+01dB,-9.02031027651656e+01°)"
586414.803409932,"(8.51169477697850e+01dB,-9.02055333188022e+01°)"
587306.925161792,"(8.53137552338144e+01dB,-9.02080731279688e+01°)"
588200.40411203,"(8.55133260606604e+01dB,-9.02107281785376e+01°)"
589095.242325373,"(8.57157809628973e+01dB,-9.02135049294873e+01°)"
589991.441869688,"(8.59212475455993e+01dB,-9.02164103597012e+01°)"
590889.004815988,"(8.61298608648112e+01dB,-9.02194520204602e+01°)"
591787.933238439,"(8.63417640430592e+01dB,-9.02226380944567e+01°)"
592688.22921436,"(8.65571089490270e+01dB,-9.02259774622916e+01°)"
593589.89482423,"(8.67760569496408e+01dB,-9.02294797775848e+01°)"
594492.932151694,"(8.69987797440397e+01dB,-9.02331555520293e+01°)"
595397.343283568,"(8.72254602903827e+01dB,-9.02370162519558e+01°)"
596303.130309841,"(8.74562938382194e+01dB,-9.02410744082686e+01°)"
597210.295323681,"(8.76914890812012e+01dB,-9.02453437419606e+01°)"
598118.840421442,"(8.79312694473930e+01dB,-9.02498393078454e+01°)"
599028.767702668,"(8.81758745474123e+01dB,-9.02545776596661e+01°)"
599940.079270094,"(8.84255618041560e+01dB,-9.02595770403824e+01°)"
600852.777229656,"(8.86806082921842e+01dB,-9.02648576022321e+01°)"
601766.863690494,"(8.89413128200011e+01dB,-9.02704416621454e+01°)"
602682.340764956,"(8.92079982947823e+01dB,-9.02763539993202e+01°)"
603599.210568603,"(8.94810144168574e+01dB,-9.02826222033044e+01°)"
604517.475220216,"(8.97607407607299e+01dB,-9.02892770828786e+01°)"
605437.136841797,"(9.00475903111662e+01dB,-9.02963531484962e+01°)"
606358.197558579,"(9.03420135375134e+01dB,-9.03038891842001e+01°)"
607280.659499026,"(9.06445031076564e+01dB,-9.03119289289840e+01°)"
608204.524794842,"(9.09555993660827e+01dB,-9.03205218928481e+01°)"
609129.795580971,"(9.12758967296964e+01dB,-9.03297243396586e+01°)"
610056.473995609,"(9.16060511923164e+01dB,-9.03396004779976e+01°)"
610984.5621802,"(9.19467891768305e+01dB,-9.03502239132259e+01°)"
611914.062279451,"(9.22989180362824e+01dB,-9.03616794301387e+01°)"
612844.976441327,"(9.26633385868445e+01dB,-9.03740651974875e+01°)"
613777.306817065,"(9.30410601634727e+01dB,-9.03874955156199e+01°)"
614711.055561171,"(9.34332188333248e+01dB,-9.04021042700248e+01°)"
615646.224831432,"(9.38410995965736e+01dB,-9.04180493118240e+01°)"
616582.816788915,"(9.42661636703426e+01dB,-9.04355180690612e+01°)"
617520.833597975,"(9.47100823196269e+01dB,-9.04547348120527e+01°)"
618460.277426262,"(9.51747792157731e+01dB,-9.04759701710158e+01°)"
619401.150444721,"(9.56624840394111e+01dB,-9.04995537649153e+01°)"
620343.454827601,"(9.61758011112900e+01dB,-9.05258911963874e+01°)"
621287.192752457,"(9.67177984084903e+01dB,-9.05554872814010e+01°)"
622232.366400161,"(9.72921246927444e+01dB,-9.05889783558137e+01°)"
623178.977954898,"(9.79031661262030e+01dB,-9.06271780848138e+01°)"
624127.029604179,"(9.85562595098500e+01dB,-9.06711438522380e+01°)"
625076.523538841,"(9.92579886347625e+01dB,-9.07222753886350e+01°)"
626027.461953054,"(1.00016605924301e+02dB,-9.07824655096784e+01°)"
626979.847044328,"(1.00842648838558e+02dB,-9.08543381856067e+01°)"
627933.681013514,"(1.01749870059595e+02dB,-9.09416392733965e+01°)"
628888.966064813,"(1.02756695024105e+02dB,-9.10499077765969e+01°)"
629845.704405776,"(1.03888611838874e+02dB,-9.11876945088832e+01°)"
630803.898247318,"(1.05182315359509e+02dB,-9.13689307707118e+01°)"
631763.549803711,"(1.06693419427102e+02dB,-9.16179490512639e+01°)"
632724.6612926,"(1.08512202004662e+02dB,-9.19814129791602e+01°)"
633687.234935003,"(1.10800114526423e+02dB,-9.25615414936237e+01°)"
634651.272955316,"(1.13891993218633e+02dB,-9.36336655997885e+01°)"
635616.777581319,"(1.18689009295399e+02dB,-9.62792532908928e+01°)"
636583.751044182,"(1.29739262632962e+02dB,-1.12816833544266e+02°)"
637552.195578468,"(1.24962557457876e+02dB,1.02844543193621e+02°)"
638522.113422142,"(1.17060710348944e+02dB,9.51024916471639e+01°)"
639493.50681657,"(1.12984805180471e+02dB,9.31687690615123e+01°)"
640466.378006531,"(1.10230710281504e+02dB,9.22928069171033e+01°)"
641440.729240218,"(1.08151447289332e+02dB,9.17934007705729e+01°)"
642416.562769243,"(1.06482415383663e+02dB,9.14707928287219e+01°)"
643393.880848645,"(1.05089302202656e+02dB,9.12452665806663e+01°)"
644372.685736893,"(1.03894523956140e+02dB,9.10787628808009e+01°)"
645352.979695891,"(1.02849196768900e+02dB,9.09508154155324e+01°)"
646334.764990987,"(1.01920526124419e+02dB,9.08494391145937e+01°)"
647318.043890972,"(1.01085440578668e+02dB,9.07671495462860e+01°)"
648302.818668089,"(1.00327092187258e+02dB,9.06990317343820e+01°)"
649289.091598041,"(9.96328020157757e+01dB,9.06417247252906e+01°)"
650276.864959988,"(9.89927890677190e+01dB,9.05928524157778e+01°)"
651266.141036562,"(9.83993494531835e+01dB,9.05506874553566e+01°)"
652256.922113864,"(9.78463070310926e+01dB,9.05139439898263e+01°)"
653249.210481476,"(9.73286344447475e+01dB,9.04816450855710e+01°)"
654243.00843246,"(9.68421848222236e+01dB,9.04530352191159e+01°)"
655238.31826337,"(9.63834974951647e+01dB,9.04275209190313e+01°)"
656235.14227425,"(9.59496545093705e+01dB,9.04046295315404e+01°)"
657233.482768647,"(9.55381727821357e+01dB,9.03839799670032e+01°)"
658233.342053609,"(9.51469217812692e+01dB,9.03652615533735e+01°)"
659234.722439695,"(9.47740598045669e+01dB,9.03482184913751e+01°)"
660237.62624098,"(9.44179840339367e+01dB,9.03326382533904e+01°)"
661242.055775059,"(9.40772909386556e+01dB,9.03183428061521e+01°)"
662248.013363052,"(9.37507445566172e+01dB,9.03051818866289e+01°)"
663255.50132961,"(9.34372508445213e+01dB,9.02930277917985e+01°)"
664264.522002922,"(9.31358367548286e+01dB,9.02817712990522e+01°)"
665275.077714718,"(9.28456330312673e+01dB,9.02713184409801e+01°)"
666287.170800275,"(9.25658599570121e+01dB,9.02615879328311e+01°)"
667300.803598423,"(9.22958154675654e+01dB,9.02525091035817e+01°)"
668315.978451551,"(9.20348651726166e+01dB,9.02440202192347e+01°)"
669332.697705611,"(9.17824339304081e+01dB,9.02360671142487e+01°)"
670350.963710121,"(9.15379986934661e+01dB,9.02286020670047e+01°)"
671370.778818179,"(9.13010824022369e+01dB,9.02215828700063e+01°)"
672392.145386458,"(9.10712487476320e+01dB,9.02149720565747e+01°)"
673415.065775218,"(9.08480976582504e+01dB,9.02087362541517e+01°)"
674439.542348311,"(9.06312613951403e+01dB,9.02028456406697e+01°)"
675465.577473182,"(9.04204011585413e+01dB,9.01972734853201e+01°)"
676493.173520882,"(9.02152041281051e+01dB,9.01919957588223e+01°)"
677522.332866064,"(9.00153808717854e+01dB,9.01869908012247e+01°)"
678553.057886998,"(8.98206630696252e+01dB,9.01822390375666e+01°)"
679585.35096557,"(8.96308015076033e+01dB,9.01777227335484e+01°)"
680619.214487289,"(8.94455643039656e+01dB,9.01734257847919e+01°)"
681654.650841295,"(8.92647353364481e+01dB,9.01693335344263e+01°)"
682691.662420361,"(8.90881128436698e+01dB,9.01654326146560e+01°)"
683730.251620902,"(8.89155081780571e+01dB,9.01617108087114e+01°)"
684770.420842976,"(8.87467446910020e+01dB,9.01581569301892e+01°)"
685812.172490294,"(8.85816567337650e+01dB,9.01547607172794e+01°)"
686855.508970225,"(8.84200887600065e+01dB,9.01515127397823e+01°)"
687900.432693797,"(8.82618945177515e+01dB,9.01484043171449e+01°)"
688946.946075709,"(8.81069363203272e+01dB,9.01454274460272e+01°)"
689995.051534333,"(8.79550843871529e+01dB,9.01425747361286e+01°)"
691044.751491718,"(8.78062162465103e+01dB,9.01398393531986e+01°)"
692096.0483736,"(8.76602161934151e+01dB,9.01372149683119e+01°)"
693148.944609404,"(8.75169747965925e+01dB,9.01346957126184e+01°)"
694203.442632253,"(8.73763884493073e+01dB,9.01322761368950e+01°)"
695259.544878968,"(8.72383589594380e+01dB,9.01299511753136e+01°)"
696317.25379008,"(8.71027931747401e+01dB,9.01277161129240e+01°)"
697376.571809832,"(8.69696026397344e+01dB,9.01255665564157e+01°)"
698437.501386185,"(8.68387032810475e+01dB,9.01234984077807e+01°)"
699500.044970825,"(8.67100151184229e+01dB,9.01215078405479e+01°)"
700564.205019168,"(8.65834619989104e+01dB,9.01195912783032e+01°)"
701629.983990363,"(8.64589713520321e+01dB,9.01177453752429e+01°)"
702697.384347303,"(8.63364739639596e+01dB,9.01159669985421e+01°)"
703766.408556627,"(8.62159037689427e+01dB,9.01142532123439e+01°)"
704837.059088727,"(8.60971976564266e+01dB,9.01126012632010e+01°)"
705909.33841775,"(8.59802952924458e+01dB,9.01110085668187e+01°)"
706983.249021612,"(8.58651389540352e+01dB,9.01094726959677e+01°)"
708058.793381995,"(8.57516733755282e+01dB,9.01079913694500e+01°)"
709135.973984358,"(8.56398456057110e+01dB,9.01065624420139e+01°)"
710214.793317941,"(8.55296048749211e+01dB,9.01051838951254e+01°)"
711295.25387577,"(8.54209024712529e+01dB,9.01038538285156e+01°)"
712377.358154665,"(8.53136916251203e+01dB,9.01025704524302e+01°)"
713461.108655244,"(8.52079274014910e+01dB,9.01013320805154e+01°)"
714546.507881928,"(8.51035665991794e+01dB,9.01001371232834e+01°)"
715633.55834295,"(8.50005676566282e+01dB,9.00989840821049e+01°)"
716722.262550358,"(8.48988905636769e+01dB,9.00978715436816e+01°)"
717812.623020021,"(8.47984967788376e+01dB,9.00967981749569e+01°)"
718904.642271636,"(8.46993491516720e+01dB,9.00957627184288e+01°)"
719998.322828733,"(8.46014118498574e+01dB,9.00947639878281e+01°)"
721093.667218682,"(8.45046502906104e+01dB,9.00938008641356e+01°)"
722190.677972697,"(8.44090310761206e+01dB,9.00928722919065e+01°)"
723289.357625843,"(8.43145219327133e+01dB,9.00919772758814e+01°)"
724389.708717041,"(8.42210916534590e+01dB,9.00911148778587e+01°)"
725491.733789075,"(8.41287100439694e+01dB,9.00902842138099e+01°)"
726595.435388599,"(8.40373478711661e+01dB,9.00894844512194e+01°)"
727700.816066138,"(8.39469768147913e+01dB,9.00887148066323e+01°)"
728807.8783761,"(8.38575694214673e+01dB,9.00879745433849e+01°)"
729916.624876777,"(8.37690990611294e+01dB,9.00872629695648e+01°)"
731027.058130355,"(8.36815398856412e+01dB,9.00865794360285e+01°)"
732139.180702916,"(8.35948667894672e+01dB,9.00859233347089e+01°)"
733252.995164447,"(8.35090553722181e+01dB,9.00852940969831e+01°)"
734368.504088845,"(8.34240819029740e+01dB,9.00846911922034e+01°)"
735485.710053921,"(8.33399232862123e+01dB,9.00841141263575e+01°)"
736604.615641409,"(8.32565570292668e+01dB,9.00835624408596e+01°)"
737725.223436971,"(8.31739612111710e+01dB,9.00830357114460e+01°)"
738847.536030201,"(8.30921144528046e+01dB,9.00825335471706e+01°)"
739971.556014635,"(8.30109958882288e+01dB,9.00820555895602e+01°)"
741097.285987752,"(8.29305851371350e+01dB,9.00816015119102e+01°)"
742224.728550985,"(8.28508622782749e+01dB,9.00811710182970e+01°)"
743353.886309722,"(8.27718078238983e+01dB,9.00807638434053e+01°)"
744484.761873316,"(8.26934026949431e+01dB,9.00803797517652e+01°)"
745617.357855091,"(8.26156281970925e+01dB,9.00800185374519e+01°)"
746751.676872345,"(8.25384659974631e+01dB,9.00796800237659e+01°)"
747887.721546357,"(8.24618981020029e+01dB,9.00793640630365e+01°)"
749025.494502395,"(8.23859068333783e+01dB,9.00790705363655e+01°)"
750164.998369722,"(8.23104748094378e+01dB,9.00787993537524e+01°)"
751306.235781598,"(8.22355849220504e+01dB,9.00785504540519e+01°)"
752449.209375292,"(8.21612203163725e+01dB,9.00783238051154e+01°)"
753593.921792083,"(8.20873643703920e+01dB,9.00781194040158e+01°)"
754740.375677269,"(8.20140006747486e+01dB,9.00779372773786e+01°)"
755888.573680173,"(8.19411130127381e+01dB,9.00777774817857e+01°)"
757038.518454147,"(8.18686853404581e+01dB,9.00776401042913e+01°)"
758190.212656581,"(8.17967017670143e+01dB,9.00775252630368e+01°)"
759343.658948907,"(8.17251465347486e+01dB,9.00774331079733e+01°)"
760498.859996606,"(8.16540039994104e+01dB,9.00773638216938e+01°)"
761655.818469214,"(8.15832586102106e+01dB,9.00773176203860e+01°)"
762814.537040327,"(8.15128948896964e+01dB,9.00772947549067e+01°)"
763975.018387611,"(8.14428974133705e+01dB,9.00772955119902e+01°)"
765137.265192804,"(8.13732507889943e+01dB,9.00773202155939e+01°)"
766301.280141724,"(8.13039396354876e+01dB,9.00773692283951e+01°)"
767467.065924275,"(8.12349485613592e+01dB,9.00774429534477e+01°)"
768634.625234452,"(8.11662621425733e+01dB,9.00775418360093e+01°)"
769803.960770351,"(8.10978648997794e+01dB,9.00776663655551e+01°)"
770975.07523417,"(8.10297412747928e+01dB,9.00778170779877e+01°)"
772147.97133222,"(8.09618756062467e+01dB,9.00779945580659e+01°)"
773322.651774928,"(8.08942521042894e+01dB,9.00781994420661e+01°)"
774499.119276844,"(8.08268548242313e+01dB,9.00784324206970e+01°)"
775677.376556649,"(8.07596676389986e+01dB,9.00786942422908e+01°)"
776857.426337159,"(8.06926742102722e+01dB,9.00789857162982e+01°)"
778039.271345333,"(8.06258579581631e+01dB,9.00793077171053e+01°)"
779222.914312277,"(8.05592020292525e+01dB,9.00796611882313e+01°)"
780408.357973255,"(8.04926892628545e+01dB,9.00800471468716e+01°)"
781595.605067688,"(8.04263021552610e+01dB,9.00804666889972e+01°)"
782784.658339168,"(8.03600228218491e+01dB,9.00809209947611e+01°)"
783975.52053546,"(8.02938329566623e+01dB,9.00814113344998e+01°)"
785168.194408507,"(8.02277137894282e+01dB,9.00819390754457e+01°)"
786362.682714442,"(8.01616460395486e+01dB,9.00825056888904e+01°)"
787558.988213589,"(8.00956098668545e+01dB,9.00831127581739e+01°)"
788757.113670471,"(8.00295848187462e+01dB,9.00837619874255e+01°)"
789957.061853818,"(7.99635497733715e+01dB,9.00844552112053e+01°)"
791158.835536572,"(7.98974828783841e+01dB,9.00851944051108e+01°)"
792362.437495891,"(7.98313614848450e+01dB,9.00859816974837e+01°)"
793567.870513162,"(7.97651620757322e+01dB,9.00868193823333e+01°)"
794775.137374001,"(7.96988601884709e+01dB,9.00877099336257e+01°)"
795984.240868261,"(7.96324303308367e+01dB,9.00886560211040e+01°)"
797195.183790041,"(7.95658458894970e+01dB,9.00896605278244e+01°)"
798407.96893769,"(7.94990790303621e+01dB,9.00907265696287e+01°)"
799622.599113814,"(7.94321005898139e+01dB,9.00918575167927e+01°)"
800839.077125283,"(7.93648799557673e+01dB,9.00930570181354e+01°)"
802057.405783237,"(7.92973849373680e+01dB,9.00943290279129e+01°)"
803277.587903093,"(7.92295816219900e+01dB,9.00956778358678e+01°)"
804499.62630455,"(7.91614342179917e+01dB,9.00971081008662e+01°)"
805723.523811598,"(7.90929048814947e+01dB,9.00986248886168e+01°)"
806949.283252522,"(7.90239535251949e+01dB,9.01002337140538e+01°)"
808176.907459911,"(7.89545376069350e+01dB,9.01019405890486e+01°)"
809406.399270662,"(7.88846118954279e+01dB,9.01037520762365e+01°)"
810637.761525989,"(7.88141282101384e+01dB,9.01056753498709e+01°)"
811870.997071427,"(7.87430351318728e+01dB,9.01077182647756e+01°)"
813106.108756842,"(7.86712776800883e+01dB,9.01098894346558e+01°)"
814343.099436432,"(7.85987969523082e+01dB,9.01121983212519e+01°)"
815581.971968742,"(7.85255297202750e+01dB,9.01146553360944e+01°)"
816822.729216661,"(7.84514079766018e+01dB,9.01172719569433e+01°)"
818065.374047437,"(7.83763584246097e+01dB,9.01200608613973e+01°)"
819309.909332677,"(7.83003019028097e+01dB,9.01230360806393e+01°)"
820556.33794836,"(7.82231527339512e+01dB,9.01262131768814e+01°)"
821804.662774837,"(7.81448179867632e+01dB,9.01296094487945e+01°)"
823054.886696842,"(7.80651966363327e+01dB,9.01332441701129e+01°)"
824307.012603499,"(7.79841786063799e+01dB,9.01371388677066e+01°)"
825561.043388326,"(7.79016436734881e+01dB,9.01413176468087e+01°)"
826816.981949243,"(7.78174602093649e+01dB,9.01458075728068e+01°)"
828074.831188578,"(7.77314837323533e+01dB,9.01506391211942e+01°)"
829334.594013076,"(7.76435552333899e+01dB,9.01558467100305e+01°)"
830596.273333902,"(7.75534992341515e+01dB,9.01614693327680e+01°)"
831859.872066653,"(7.74611215257668e+01dB,9.01675513137944e+01°)"
833125.393131358,"(7.73662065247879e+01dB,9.01741432148329e+01°)"
834392.83945249,"(7.72685141682561e+01dB,9.01813029278515e+01°)"
835662.213958971,"(7.71677762508588e+01dB,9.01890969999610e+01°)"
836933.519584178,"(7.70636920830152e+01dB,9.01976022487204e+01°)"
838206.759265953,"(7.69559233175398e+01dB,9.02069077434627e+01°)"
839481.935946604,"(7.68440877520083e+01dB,9.02171172512840e+01°)"
840759.052572918,"(7.67277518607727e+01dB,9.02283522774967e+01°)"
842038.112096163,"(7.66064217402581e+01dB,9.02407558729078e+01°)"
843319.117472098,"(7.64795320572718e+01dB,9.02544974389947e+01°)"
844602.071660979,"(7.63464324633914e+01dB,9.02697788441228e+01°)"
845886.977627563,"(7.62063707658101e+01dB,9.02868422798335e+01°)"
847173.83834112,"(7.60584719067431e+01dB,9.03059804523113e+01°)"
848462.656775436,"(7.59017114706767e+01dB,9.03275499453817e+01°)"
849753.435908822,"(7.57348819672577e+01dB,9.03519889474087e+01°)"
851046.178724119,"(7.55565494598322e+01dB,9.03798410687506e+01°)"
852340.888208706,"(7.53649971190980e+01dB,9.04117877934520e+01°)"
853637.567354506,"(7.51581508075600e+01dB,9.04486933836525e+01°)"
854936.219157997,"(7.49334795637288e+01dB,9.04916680901097e+01°)"
856236.84662021,"(7.46878603848063e+01dB,9.05421588526823e+01°)"
857539.452746748,"(7.44173911884915e+01dB,9.06020822810221e+01°)"
858844.04054778,"(7.41171268134831e+01dB,9.06740244471527e+01°)"
860150.613038059,"(7.37806976996390e+01dB,9.07615495688845e+01°)"
861459.173236923,"(7.33997442738695e+01dB,9.08696926055985e+01°)"
862769.724168303,"(7.29630515428160e+01dB,9.10057756745467e+01°)"
864082.26886073,"(7.24551754952682e+01dB,9.11808234268814e+01°)"
865396.810347345,"(7.18541644365808e+01dB,9.14121540364843e+01°)"
866713.351665899,"(7.11275681017857e+01dB,9.17284523611051e+01°)"
868031.895858768,"(7.02249529986399e+01dB,9.21805901913982e+01°)"
869352.445972954,"(6.90625561366288e+01dB,9.28674599669747e+01°)"
870675.005060097,"(6.74877542769315e+01dB,9.40081119151361e+01°)"
871999.576176478,"(6.51809571119665e+01dB,9.61965929165878e+01°)"
873326.162383027,"(6.12980379691508e+01dB,1.01751679270722e+02°)"
874654.766745331,"(5.27005105147551e+01dB,1.32592806562127e+02°)"
875985.392333641,"(5.81091129935229e+01dB,-1.17488406320192e+02°)"
877318.04222288,"(6.65012838564881e+01dB,-1.03400873165946e+02°)"
878652.719492647,"(7.19140343376273e+01dB,-9.99264972447397e+01°)"
879989.427227227,"(7.63896966022128e+01dB,-9.88140056471313e+01°)"
881328.168515597,"(8.06752423272683e+01dB,-9.89081119835404e+01°)"
882668.946451433,"(8.53419979930268e+01dB,-1.00332401089007e+02°)"
884011.764133118,"(9.13475057579105e+01dB,-1.04954419340922e+02°)"
885356.624663748,"(1.01959222949610e+02dB,-1.31316810607097e+02°)"
886703.53115114,"(9.95687479080194e+01dB,1.13033667681888e+02°)"
888052.48670784,"(9.29694234052169e+01dB,9.84374922164486e+01°)"
889403.494451127,"(8.97237684020361e+01dB,9.47455777393868e+01°)"
890756.557503025,"(8.76944422904022e+01dB,9.31314077644597e+01°)"
892111.678990306,"(8.62708984465983e+01dB,9.22499272764472e+01°)"
893468.862044498,"(8.52023591187162e+01dB,9.17058934255120e+01°)"
894828.109801895,"(8.43631805003023e+01dB,9.13428022241902e+01°)"
896189.425403561,"(8.36822099369977e+01dB,9.10868464209754e+01°)"
897552.81199534,"(8.31156465223484e+01dB,9.08989337633806e+01°)"
898918.272727858,"(8.26348374208853e+01dB,9.07565631647808e+01°)"
900285.81075654,"(8.22201489919137e+01dB,9.06459446433044e+01°)"
901655.429241606,"(8.18576250791426e+01dB,9.05582012085676e+01°)"
903027.131348087,"(8.15370451297786e+01dB,9.04873875839954e+01°)"
904400.920245827,"(8.12507368043079e+01dB,9.04293897510808e+01°)"
905776.799109495,"(8.09928190041012e+01dB,9.03812816825560e+01°)"
907154.771118586,"(8.07587021850288e+01dB,9.03409330070100e+01°)"
908534.839457435,"(8.05447486090736e+01dB,9.03067609703247e+01°)"
909917.007315219,"(8.03480353898553e+01dB,9.02775687204877e+01°)"
911301.277885971,"(8.01661855321962e+01dB,9.02524370194975e+01°)"
912687.654368577,"(7.99972450887299e+01dB,9.02306500141134e+01°)"
914076.139966794,"(7.98395922934095e+01dB,9.02116432894557e+01°)"
915466.737889252,"(7.96918693057675e+01dB,9.01949668399820e+01°)"
916859.451349462,"(7.95529302255944e+01dB,9.01802582339344e+01°)"
918254.283565823,"(7.94218010014046e+01dB,9.01672228727561e+01°)"
919651.237761631,"(7.92976481582029e+01dB,9.01556192717000e+01°)"
921050.317165086,"(7.91797541500999e+01dB,9.01452479481123e+01°)"
922451.525009299,"(7.90674977486515e+01dB,9.01359429377889e+01°)"
923854.864532298,"(7.89603383008018e+01dB,9.01275652501546e+01°)"
925260.33897704,"(7.88578029903020e+01dB,9.01199977705122e+01°)"
926667.951591412,"(7.87594764519511e+01dB,9.01131412539921e+01°)"
928077.705628246,"(7.86649922448888e+01dB,9.01069111513449e+01°)"
929489.604345319,"(7.85740258065335e+01dB,9.01012350744528e+01°)"
930903.651005366,"(7.84862885945881e+01dB,9.00960507580708e+01°)"
932319.848876086,"(7.84015231890369e+01dB,9.00913044095974e+01°)"
933738.201230147,"(7.83194991748427e+01dB,9.00869493645670e+01°)"
935158.711345199,"(7.82400096635306e+01dB,9.00829449847207e+01°)"
936581.382503876,"(7.81628683405367e+01dB,9.00792557498372e+01°)"
938006.217993805,"(7.80879069476396e+01dB,9.00758505053160e+01°)"
939433.221107618,"(7.80149731272621e+01dB,9.00727018356629e+01°)"
940862.395142954,"(7.79439285692243e+01dB,9.00697855403949e+01°)"
942293.743402468,"(7.78746474114390e+01dB,9.00670801936124e+01°)"
943727.26919384,"(7.78070148547666e+01dB,9.00645667723377e+01°)"
945162.975829784,"(7.77409259592079e+01dB,9.00622283416057e+01°)"
946600.86662805,"(7.76762845942874e+01dB,9.00600497866143e+01°)"
948040.944911439,"(7.76130025209906e+01dB,9.00580175840687e+01°)"
949483.214007804,"(7.75509985863778e+01dB,9.00561196062986e+01°)"
950927.677250063,"(7.74901980150417e+01dB,9.00543449528916e+01°)"
952374.337976203,"(7.74305317840303e+01dB,9.00526838055172e+01°)"
953823.19952929,"(7.73719360699882e+01dB,9.00511273023513e+01°)"
955274.265257475,"(7.73143517589299e+01dB,9.00496674291599e+01°)"
956727.538514004,"(7.72577240105044e+01dB,9.00482969245419e+01°)"
958183.022657222,"(7.72020018698004e+01dB,9.00470091972700e+01°)"
959640.721050586,"(7.71471379207233e+01dB,9.00457982540483e+01°)"
961100.637062667,"(7.70930879758566e+01dB,9.00446586360539e+01°)"
962562.774067163,"(7.70398107983624e+01dB,9.00435853634204e+01°)"
964027.135442904,"(7.69872678521246e+01dB,9.00425738859915e+01°)"
965493.724573858,"(7.69354230768628e+01dB,9.00416200401496e+01°)"
966962.544849144,"(7.68842426853011e+01dB,9.00407200104650e+01°)"
968433.599663036,"(7.68336949799334e+01dB,9.00398702957341e+01°)"
969906.892414971,"(7.67837501871854e+01dB,9.00390676788104e+01°)"
971382.426509559,"(7.67343803071021e+01dB,9.00383091997590e+01°)"
972860.205356587,"(7.66855589768345e+01dB,9.00375921319038e+01°)"
974340.232371033,"(7.66372613465187e+01dB,9.00369139604488e+01°)"
975822.510973067,"(7.65894639662061e+01dB,9.00362723633316e+01°)"
977307.044588063,"(7.65421446827414e+01dB,9.00356651940693e+01°)"
978793.836646608,"(7.64952825455482e+01dB,9.00350904663520e+01°)"
980282.890584505,"(7.64488577204588e+01dB,9.00345463401922e+01°)"
981774.209842786,"(7.64028514107840e+01dB,9.00340311094471e+01°)"
983267.797867718,"(7.63572457849026e+01dB,9.00335431905641e+01°)"
984763.658110809,"(7.63120239097789e+01dB,9.00330811124149e+01°)"
986261.79402882,"(7.62671696898202e+01dB,9.00326435070999e+01°)"
987762.20908377,"(7.62226678105841e+01dB,9.00322291016172e+01°)"
989264.906742943,"(7.61785036868942e+01dB,9.00318367103083e+01°)"
990769.890478901,"(7.61346634149524e+01dB,9.00314652279957e+01°)"
992277.163769487,"(7.60911337281017e+01dB,9.00311136237435e+01°)"
993786.730097835,"(7.60479019559034e+01dB,9.00307809351773e+01°)"
995298.592952379,"(7.60049559862465e+01dB,9.00304662633066e+01°)"
996812.755826858,"(7.59622842302269e+01dB,9.00301687677998e+01°)"
998329.222220328,"(7.59198755895504e+01dB,9.00298876626686e+01°)"
999847.995637167,"(7.58777194262608e+01dB,9.00296222123205e+01°)"
1001369.07958709,"(7.58358055345856e+01dB,9.00293717279457e+01°)"
1002892.47758513,"(7.57941241147318e+01dB,9.00291355642056e+01°)"
1004418.1931517,"(7.57526657484701e+01dB,9.00289131161950e+01°)"
1005946.22981255,"(7.57114213763622e+01dB,9.00287038166549e+01°)"
1007476.59109879,"(7.56703822765078e+01dB,9.00285071334070e+01°)"
1009009.28054691,"(7.56295400446684e+01dB,9.00283225669990e+01°)"
1010544.30169879,"(7.55888865756981e+01dB,9.00281496485334e+01°)"
1012081.65810166,"(7.55484140461415e+01dB,9.00279879376617e+01°)"
1013621.3533082,"(7.55081148979216e+01dB,9.00278370207613e+01°)"
1015163.39087644,"(7.54679818230609e+01dB,9.00276965092130e+01°)"
1016707.77436988,"(7.54280077493167e+01dB,9.00275660378205e+01°)"
1018254.50735739,"(7.53881858266828e+01dB,9.00274452633930e+01°)"
1019803.59341331,"(7.53485094146979e+01dB,9.00273338633761e+01°)"
1021355.03611738,"(7.53089720704958e+01dB,9.00272315346173e+01°)"
1022908.83905481,"(7.52695675375340e+01dB,9.00271379922148e+01°)"
1024465.00581626,"(7.52302897349700e+01dB,9.00270529684504e+01°)"
1026023.53999786,"(7.51911327476245e+01dB,9.00269762118024e+01°)"
1027584.44520119,"(7.51520908164941e+01dB,9.00269074860293e+01°)"
1029147.72503332,"(7.51131583297777e+01dB,9.00268465693193e+01°)"
1030713.38310682,"(7.50743298143721e+01dB,9.00267932535015e+01°)"
1032281.42303974,"(7.50355999278151e+01dB,9.00267473433127e+01°)"
1033851.84845564,"(7.49969634506322e+01dB,9.00267086557170e+01°)"
1035424.66298359,"(7.49584152790724e+01dB,9.00266770192737e+01°)"
1036999.87025819,"(7.49199504181922e+01dB,9.00266522735494e+01°)"
1038577.47391954,"(7.48815639752755e+01dB,9.00266342685719e+01°)"
1040157.47761332,"(7.48432511535563e+01dB,9.00266228643225e+01°)"
1041739.88499073,"(7.48050072462328e+01dB,9.00266179302646e+01°)"
1043324.69970853,"(7.47668276307453e+01dB,9.00266193449050e+01°)"
1044911.92542905,"(7.47287077632996e+01dB,9.00266269953859e+01°)"
1046501.56582017,"(7.46906431736280e+01dB,9.00266407771071e+01°)"
1048093.62455538,"(7.46526294599543e+01dB,9.00266605933742e+01°)"
1049688.10531373,"(7.46146622841728e+01dB,9.00266863550710e+01°)"
1051285.0117799,"(7.45767373671933e+01dB,9.00267179803620e+01°)"
1052884.34764413,"(7.45388504844811e+01dB,9.00267553944060e+01°)"
1054486.11660232,"(7.45009974617330e+01dB,9.00267985290951e+01°)"
1056090.32235597,"(7.44631741707168e+01dB,9.00268473228210e+01°)"
1057696.96861221,"(7.44253765252425e+01dB,9.00269017202509e+01°)"
1059306.05908382,"(7.43876004772569e+01dB,9.00269616721216e+01°)"
1060917.59748921,"(7.43498420130597e+01dB,9.00270271350508e+01°)"
1062531.58755247,"(7.43120971496205e+01dB,9.00270980713665e+01°)"
1064148.03300334,"(7.42743619309980e+01dB,9.00271744489479e+01°)"
1065766.93757723,"(7.42366324248471e+01dB,9.00272562410820e+01°)"
1067388.30501526,"(7.41989047190059e+01dB,9.00273434263317e+01°)"
1069012.13906421,"(7.41611749181584e+01dB,9.00274359884188e+01°)"
1070638.44347657,"(7.41234391405632e+01dB,9.00275339161170e+01°)"
1072267.22201055,"(7.40856935148398e+01dB,9.00276372031577e+01°)"
1073898.47843007,"(7.40479341768091e+01dB,9.00277458481462e+01°)"
1075532.21650477,"(7.40101572663776e+01dB,9.00278598544892e+01°)"
1077168.44001003,"(7.39723589244642e+01dB,9.00279792303323e+01°)"
1078807.15272697,"(7.39345352899578e+01dB,9.00281039885055e+01°)"
1080448.35844246,"(7.38966824967022e+01dB,9.00282341464844e+01°)"
1082092.06094916,"(7.38587966705054e+01dB,9.00283697263517e+01°)"
1083738.26404546,"(7.38208739261612e+01dB,9.00285107547762e+01°)"
1085386.97153554,"(7.37829103644842e+01dB,9.00286572629987e+01°)"
1087038.18722938,"(7.37449020693488e+01dB,9.00288092868179e+01°)"
1088691.91494275,"(7.37068451047262e+01dB,9.00289668666018e+01°)"
1090348.15849722,"(7.36687355117161e+01dB,9.00291300472934e+01°)"
1092006.92172018,"(7.36305693055725e+01dB,9.00292988784309e+01°)"
1093668.20844484,"(7.35923424727043e+01dB,9.00294734141748e+01°)"
1095332.02251024,"(7.35540509676567e+01dB,9.00296537133467e+01°)"
1096998.36776126,"(7.35156907100754e+01dB,9.00298398394694e+01°)"
1098667.24804863,"(7.34772575816225e+01dB,9.00300318608249e+01°)"
1100338.66722895,"(7.34387474228671e+01dB,9.00302298505158e+01°)"
1102012.62916466,"(7.34001560301261e+01dB,9.00304338865434e+01°)"
1103689.13772411,"(7.33614791522627e+01dB,9.00306440518248e+01°)"
1105368.1967815,"(7.33227124874267e+01dB,9.00308604344180e+01°)"
1107049.81021696,"(7.32838516797231e+01dB,9.00310831274818e+01°)"
1108733.98191648,"(7.32448923158486e+01dB,9.00313122294457e+01°)"
1110420.71577201,"(7.32058299216149e+01dB,9.00315478441211e+01°)"
1112110.01568138,"(7.31666599584260e+01dB,9.00317900808219e+01°)"
1113801.88554838,"(7.31273778196536e+01dB,9.00320390545021e+01°)"
1115496.32928272,"(7.30879788269276e+01dB,9.00322948859032e+01°)"
1117193.35080006,"(7.30484582263321e+01dB,9.00325577017127e+01°)"
1118892.95402202,"(7.30088111844903e+01dB,9.00328276347313e+01°)"
1120595.14287619,"(7.29690327845397e+01dB,9.00331048240547e+01°)"
1122299.92129613,"(7.29291180219922e+01dB,9.00333894152660e+01°)"
1124007.29322139,"(7.28890618004607e+01dB,9.00336815606415e+01°)"
1125717.26259751,"(7.28488589272509e+01dB,9.00339814193692e+01°)"
1127429.83337602,"(7.28085041088146e+01dB,9.00342891577812e+01°)"
1129145.00951449,"(7.27679919460415e+01dB,9.00346049496017e+01°)"
1130862.79497647,"(7.27273169293931e+01dB,9.00349289762079e+01°)"
1132583.19373159,"(7.26864734338625e+01dB,9.00352614269094e+01°)"
1134306.20975547,"(7.26454557137513e+01dB,9.00356024992425e+01°)"
1136031.84702982,"(7.26042578972490e+01dB,9.00359523992836e+01°)"
1137760.10954238,"(7.25628739808136e+01dB,9.00363113419795e+01°)"
1139491.00128695,"(7.25212978233249e+01dB,9.00366795514994e+01°)"
1141224.52626345,"(7.24795231400142e+01dB,9.00370572616057e+01°)"
1142960.68847783,"(7.24375434961445e+01dB,9.00374447160481e+01°)"
1144699.49194218,"(7.23953523004346e+01dB,9.00378421689801e+01°)"
1146440.94067465,"(7.23529427982061e+01dB,9.00382498854001e+01°)"
1148185.03869955,"(7.23103080642419e+01dB,9.00386681416189e+01°)"
1149931.79004728,"(7.22674409953362e+01dB,9.00390972257543e+01°)"
1151681.19875438,"(7.22243343025175e+01dB,9.00395374382555e+01°)"
1153433.26886353,"(7.21809805029279e+01dB,9.00399890924576e+01°)"
1155188.00442356,"(7.21373719113351e+01dB,9.00404525151702e+01°)"
1156945.40948946,"(7.20935006312595e+01dB,9.00409280473005e+01°)"
1158705.4881224,"(7.20493585456849e+01dB,9.00414160445144e+01°)"
1160468.24438971,"(7.20049373073401e+01dB,9.00419168779360e+01°)"
1162233.68236491,"(7.19602283285157e+01dB,9.00424309348921e+01°)"
1164001.80612774,"(7.19152227703879e+01dB,9.00429586196987e+01°)"
1165772.61976411,"(7.18699115318252e+01dB,9.00435003544989e+01°)"
1167546.12736619,"(7.18242852376474e+01dB,9.00440565801522e+01°)"
1169322.33303232,"(7.17783342262867e+01dB,9.00446277571734e+01°)"
1171101.24086713,"(7.17320485368376e+01dB,9.00452143667523e+01°)"
1172882.85498146,"(7.16854178954348e+01dB,9.00458169117770e+01°)"
1174667.17949242,"(7.16384317009364e+01dB,9.00464359180312e+01°)"
1176454.21852337,"(7.15910790098492e+01dB,9.00470719353478e+01°)"
1178243.97620395,"(7.15433485204604e+01dB,9.00477255389164e+01°)"
1180036.4566701,"(7.14952285561218e+01dB,9.00483973306488e+01°)"
1181831.66406401,"(7.14467070476254e+01dB,9.00490879406361e+01°)"
1183629.60253422,"(7.13977715146156e+01dB,9.00497980287049e+01°)"
1185430.27623554,"(7.13484090459723e+01dB,9.00505282860761e+01°)"
1187233.68932913,"(7.12986062790959e+01dB,9.00512794371368e+01°)"
1189039.84598246,"(7.12483493780196e+01dB,9.00520522413324e+01°)"
1190848.75036936,"(7.11976240102656e+01dB,9.00528474951901e+01°)"
1192660.40666998,"(7.11464153223647e+01dB,9.00536660344819e+01°)"
1194474.81907087,"(7.10947079139399e+01dB,9.00545087365410e+01°)"
1196291.99176492,"(7.10424858102531e+01dB,9.00553765227414e+01°)"
1198111.9289514,"(7.09897324331097e+01dB,9.00562703611565e+01°)"
1199934.63483598,"(7.09364305699985e+01dB,9.00571912694096e+01°)"
1201760.11363073,"(7.08825623413376e+01dB,9.00581403177342e+01°)"
1203588.3695541,"(7.08281091656907e+01dB,9.00591186322599e+01°)"
1205419.40683099,"(7.07730517228004e+01dB,9.00601273985457e+01°)"
1207253.22969272,"(7.07173699142720e+01dB,9.00611678653800e+01°)"
1209089.84237703,"(7.06610428217316e+01dB,9.00622413488723e+01°)"
1210929.24912813,"(7.06040486622656e+01dB,9.00633492368617e+01°)"
1212771.45419667,"(7.05463647409230e+01dB,9.00644929936714e+01°)"
1214616.46183978,"(7.04879674000557e+01dB,9.00656741652403e+01°)"
1216464.27632106,"(7.04288319652411e+01dB,9.00668943846670e+01°)"
1218314.90191058,"(7.03689326875104e+01dB,9.00681553782040e+01°)"
1220168.34288494,"(7.03082426815820e+01dB,9.00694589717465e+01°)"
1222024.60352721,"(7.02467338597698e+01dB,9.00708070978608e+01°)"
1223883.68812701,"(7.01843768611975e+01dB,9.00722018034068e+01°)"
1225745.60098047,"(7.01211409759306e+01dB,9.00736452578128e+01°)"
1227610.34639024,"(7.00569940635781e+01dB,9.00751397620672e+01°)"
1229477.92866554,"(6.99919024658875e+01dB,9.00766877584995e+01°)"
1231348.35212214,"(6.99258309128002e+01dB,9.00782918414331e+01°)"
1233221.62108237,"(6.98587424213801e+01dB,9.00799547687993e+01°)"
1235097.73987513,"(6.97905981869713e+01dB,9.00816794748141e+01°)"
1236976.71283592,"(6.97213574658621e+01dB,9.00834690838299e+01°)"
1238858.54430683,"(6.96509774486671e+01dB,9.00853269255094e+01°)"
1240743.23863656,"(6.95794131235446e+01dB,9.00872565514051e+01°)"
1242630.80018041,"(6.95066171282671e+01dB,9.00892617532078e+01°)"
1244521.23330032,"(6.94325395900615e+01dB,9.00913465827483e+01°)"
1246414.54236486,"(6.93571279520003e+01dB,9.00935153740166e+01°)"
1248310.73174926,"(6.92803267845874e+01dB,9.00957727674172e+01°)"
1250209.80583538,"(6.92020775810260e+01dB,9.00981237365282e+01°)"
1252111.76901177,"(6.91223185344662e+01dB,9.01005736176704e+01°)"
1254016.62567364,"(6.90409842953267e+01dB,9.01031281426262e+01°)"
1255924.38022289,"(6.89580057065504e+01dB,9.01057934749163e+01°)"
1257835.03706814,"(6.88733095143693e+01dB,9.01085762500754e+01°)"
1259748.60062468,"(6.87868180518628e+01dB,9.01114836204519e+01°)"
1261665.07531453,"(6.86984488922219e+01dB,9.01145233051343e+01°)"
1263584.46556646,"(6.86081144682208e+01dB,9.01177036456854e+01°)"
1265506.77581594,"(6.85157216539299e+01dB,9.01210336684915e+01°)"
1267432.01050522,"(6.84211713041426e+01dB,9.01245231546520e+01°)"
1269360.17408329,"(6.83243577463660e+01dB,9.01281827184570e+01°)"
1271291.27100591,"(6.82251682194585e+01dB,9.01320238957804e+01°)"
1273225.30573563,"(6.81234822521498e+01dB,9.01360592437451e+01°)"
1275162.28274177,"(6.80191709736573e+01dB,9.01403024534773e+01°)"
1277102.20650046,"(6.79120963474028e+01dB,9.01447684779206e+01°)"
1279045.08149465,"(6.78021103174560e+01dB,9.01494736771066e+01°)"
1280990.91221409,"(6.76890538556358e+01dB,9.01544359837091e+01°)"
1282939.70315538,"(6.75727558952526e+01dB,9.01596750922548e+01°)"
1284891.45882194,"(6.74530321351050e+01dB,9.01652126759844e+01°)"
1286846.18372405,"(6.73296836945563e+01dB,9.01710726360920e+01°)"
1288803.88237886,"(6.72024955970936e+01dB,9.01772813893772e+01°)"
1290764.55931039,"(6.70712350557897e+01dB,9.01838682009012e+01°)"
1292728.21904953,"(6.69356495290741e+01dB,9.01908655704312e+01°)"
1294694.86613407,"(6.67954645092929e+01dB,9.01983096828514e+01°)"
1296664.5051087,"(6.66503809991937e+01dB,9.02062409352117e+01°)"
1298637.14052504,"(6.65000726224711e+01dB,9.02147045559953e+01°)"
1300612.77694162,"(6.63441823034212e+01dB,9.02237513359712e+01°)"
1302591.4189239,"(6.61823184369289e+01dB,9.02334384943673e+01°)"
1304573.07104429,"(6.60140504527992e+01dB,9.02438307112763e+01°)"
1306557.73788217,"(6.58389036566610e+01dB,9.02550013631666e+01°)"
1308545.42402387,"(6.56563532023273e+01dB,9.02670340109613e+01°)"
1310536.1340627,"(6.54658170153235e+01dB,9.02800242018977e+01°)"
1312529.87259897,"(6.52666474423320e+01dB,9.02940816652263e+01°)"
1314526.64423997,"(6.50581213429114e+01dB,9.03093330056473e+01°)"
1316526.45360001,"(6.48394282635686e+01dB,9.03259250307888e+01°)"
1318529.30530042,"(6.46096562336319e+01dB,9.03440288935890e+01°)"
1320535.20396956,"(6.43677745882868e+01dB,9.03638452916544e+01°)"
1322544.15424283,"(6.41126130435453e+01dB,9.03856110515017e+01°)"
1324556.16076267,"(6.38428360018254e+01dB,9.04096075470910e+01°)"
1326571.22817861,"(6.35569107273868e+01dB,9.04361715766964e+01°)"
1328589.36114723,"(6.32530675560084e+01dB,9.04657095770020e+01°)"
1330610.56433221,"(6.29292496293743e+01dB,9.04987164314869e+01°)"
1332634.84240431,"(6.25830486724047e+01dB,9.05358007017726e+01°)"
1334662.2000414,"(6.22116219039228e+01dB,9.05777189921513e+01°)"
1336692.64192847,"(6.18115830327866e+01dB,9.06254235476703e+01°)"
1338726.17275764,"(6.13788570184502e+01dB,9.06801294334752e+01°)"
1340762.79722816,"(6.09084831414840e+01dB,9.07434113771023e+01°)"
1342802.52004644,"(6.03943426551352e+01dB,9.08173467572359e+01°)"
1344845.34592604,"(5.98287735321125e+01dB,9.09047325894243e+01°)"
1346891.27958769,"(5.92020111253827e+01dB,9.10094253757019e+01°)"
1348940.32575931,"(5.85013510466016e+01dB,9.11368933963232e+01°)"
1350992.48917602,"(5.77098505570546e+01dB,9.12951543132582e+01°)"
1353047.77458011,"(5.68042254439142e+01dB,9.14964527978967e+01°)"
1355106.18672112,"(5.57512597157511e+01dB,9.17604623997006e+01°)"
1357167.73035581,"(5.45012579418058e+01dB,9.21209143821052e+01°)"
1359232.41024815,"(5.29750386201696e+01dB,9.26408569142067e+01°)"
1361300.23116939,"(5.10349351328025e+01dB,9.34532614811334e+01°)"
1363371.19789802,"(4.84084740296202e+01dB,9.48947137542571e+01°)"
1365445.3152198,"(4.44270996039173e+01dB,9.81320902281548e+01°)"
1367522.58792779,"(3.65725434682786e+01dB,1.11517855991829e+02°)"
1369603.02082231,"(3.42223740012121e+01dB,-1.20357078082387e+02°)"
1371686.61871102,"(4.40378519667390e+01dB,-9.98967502076137e+01°)"
1373773.38640885,"(4.88373130320728e+01dB,-9.59869187458156e+01°)"
1375863.32873809,"(5.20609406469975e+01dB,-9.43595619859000e+01°)"
1377956.45052836,"(5.45235353851641e+01dB,-9.34732281169049e+01°)"
1380052.75661662,"(5.65398714480325e+01dB,-9.29190418688277e+01°)"
1382152.25184718,"(5.82646216005317e+01dB,-9.25423786147981e+01°)"
1384254.94107175,"(5.97853980895527e+01dB,-9.22719231417054e+01°)"
1386360.82914938,"(6.11567900339828e+01dB,-9.20702702099155e+01°)"
1388469.92094655,"(6.24152545756854e+01dB,-9.19159481912053e+01°)"
1390582.22133712,"(6.35864845769967e+01dB,-9.17957863756784e+01°)"
1392697.73520238,"(6.46894002661406e+01dB,-9.17012921356375e+01°)"
1394816.46743102,"(6.57384699370661e+01dB,-9.16267799518958e+01°)"
1396938.42291921,"(6.67451390524093e+01dB,-9.15683395646179e+01°)"
1399063.60657052,"(6.77187547889177e+01dB,-9.15232368364056e+01°)"
1401192.02329602,"(6.86671917100135e+01dB,-9.14895519648812e+01°)"
1403323.67801422,"(6.95972944057967e+01dB,-9.14659552129955e+01°)"
1405458.57565115,"(7.05152059262542e+01dB,-9.14515666752938e+01°)"
1407596.72114029,"(7.14266252255601e+01dB,-9.14458705385755e+01°)"
1409738.11942265,"(7.23370226157613e+01dB,-9.14486674859937e+01°)"
1411882.77544677,"(7.32518345150888e+01dB,-9.14600567921597e+01°)"
1414030.69416868,"(7.41766551821136e+01dB,-9.14804450500497e+01°)"
1416181.88055199,"(7.51174426160846e+01dB,-9.15105829980720e+01°)"
1418336.33956783,"(7.60807582323638e+01dB,-9.15516368546054e+01°)"
1420494.07619492,"(7.70740659799943e+01dB,-9.16053073595840e+01°)"
1422655.09541952,"(7.81061280763681e+01dB,-9.16740206381706e+01°)"
1424819.40223551,"(7.91875552865916e+01dB,-9.17612343052899e+01°)"
1426987.00164435,"(8.03316074011223e+01dB,-9.18719387902137e+01°)"
1429157.89865511,"(8.15554105073830e+01dB,-9.20135075266093e+01°)"
1431332.09828448,"(8.28818978606355e+01dB,-9.21972082392214e+01°)"
1433509.60555679,"(8.43430765391861e+01dB,-9.24410563220545e+01°)"
1435690.42550401,"(8.59858962143272e+01dB,-9.27756334942614e+01°)"
1437874.56316575,"(8.78836996635584e+01dB,-9.32572077135745e+01°)"
1440062.0235893,"(9.01611522522640e+01dB,-9.40016407684951e+01°)"
1442252.81182964,"(9.30576153027274e+01dB,-9.52911542476275e+01°)"
1444446.93294942,"(9.71319663538551e+01dB,-9.80367578575496e+01°)"
1446644.39201901,"(1.04281670247903e+02dB,-1.07609454187678e+02°)"
1448845.19411647,"(1.12106884598070e+02dB,1.35130956219505e+02°)"
1451049.3443276,"(1.00793456252505e+02dB,1.00580810744948e+02°)"
1453256.84774595,"(9.59449971372731e+01dB,9.57559451162684e+01°)"
1455467.70947279,"(9.29489944302555e+01dB,9.38930763870434e+01°)"
1457681.93461718,"(9.08046817755799e+01dB,9.29099689732557e+01°)"
1459899.52829592,"(8.91487306155740e+01dB,9.23043116105754e+01°)"
1462120.49563363,"(8.78087553960347e+01dB,9.18948014716085e+01°)"
1464344.8417627,"(8.66894740726323e+01dB,9.16001273599891e+01°)"
1466572.57182334,"(8.57327124729683e+01dB,9.13784110312173e+01°)"
1468803.69096358,"(8.49003674482286e+01dB,9.12058960281649e+01°)"
1471038.20433927,"(8.41661405562197e+01dB,9.10681066189411e+01°)"
1473276.11711411,"(8.35111293897866e+01dB,9.09557215569848e+01°)"
1475517.43445966,"(8.29213005188637e+01dB,9.08624690691609e+01°)"
1477762.16155536,"(8.23859561396555e+01dB,9.07839752883499e+01°)"
1480010.30358849,"(8.18967597429822e+01dB,9.07170977268053e+01°)"
1482261.86575427,"(8.14470928927654e+01dB,9.06595211062728e+01°)"
1484516.85325578,"(8.10316167142771e+01dB,9.06095024999412e+01°)"
1486775.27130405,"(8.06459646186150e+01dB,9.05657051763595e+01°)"
1489037.12511801,"(8.02865218175172e+01dB,9.05270871098228e+01°)"
1491302.41992455,"(7.99502638036813e+01dB,9.04928242700122e+01°)"
1493571.16095851,"(7.96346358494784e+01dB,9.04622566626456e+01°)"
1495843.35346268,"(7.93374616406644e+01dB,9.04348496226615e+01°)"
1498119.00268783,"(7.90568729919401e+01dB,9.04101655585090e+01°)"
1500398.11389274,"(7.87912550727411e+01dB,9.03878429988738e+01°)"
1502680.69234415,"(7.85392032162201e+01dB,9.03675808323124e+01°)"
1504966.74331685,"(7.82994884967070e+01dB,9.03491262990502e+01°)"
1507256.27209363,"(7.80710300272700e+01dB,9.03322657333348e+01°)"
1509549.28396534,"(7.78528724658641e+01dB,9.03168173490933e+01°)"
1511845.78423085,"(7.76441676004780e+01dB,9.03026255620087e+01°)"
1514145.77819711,"(7.74441591591787e+01dB,9.02895564798155e+01°)"
1516449.27117914,"(7.72521701923157e+01dB,9.02774942901083e+01°)"
1518756.26850006,"(7.70675925229931e+01dB,9.02663383443007e+01°)"
1521066.77549105,"(7.68898778732941e+01dB,9.02560007863476e+01°)"
1523380.79749145,"(7.67185303577687e+01dB,9.02464046113502e+01°)"
1525698.33984868,"(7.65531000998845e+01dB,9.02374820659902e+01°)"
1528019.40791831,"(7.63931777764514e+01dB,9.02291733226511e+01°)"
1530344.00706407,"(7.62383899333194e+01dB,9.02214253744947e+01°)"
1532672.14265784,"(7.60883949455829e+01dB,9.02141911095529e+01°)"
1535003.82007966,"(7.59428795191200e+01dB,9.02074285311907e+01°)"
1537339.04471778,"(7.58015556489756e+01dB,9.02011000986662e+01°)"
1539677.82196863,"(7.56641579650422e+01dB,9.01951721668493e+01°)"
1542020.15723685,"(7.55304414074693e+01dB,9.01896145082091e+01°)"
1544366.05593531,"(7.54001791839428e+01dB,9.01843999033923e+01°)"
1546715.52348511,"(7.52731609688190e+01dB,9.01795037892450e+01°)"
1549068.5653156,"(7.51491913105516e+01dB,9.01749039551549e+01°)"
1551425.18686438,"(7.50280882191001e+01dB,9.01705802802092e+01°)"
1553785.39357734,"(7.49096819093749e+01dB,9.01665145049654e+01°)"
1556149.19090863,"(7.47938136803650e+01dB,9.01626900326841e+01°)"
1558516.58432073,"(7.46803349125945e+01dB,9.01590917557396e+01°)"
1560887.5792844,"(7.45691061690529e+01dB,9.01557059036041e+01°)"
1563262.18127874,"(7.44599963868462e+01dB,9.01525199094104e+01°)"
1565640.39579118,"(7.43528821485724e+01dB,9.01495222925271e+01°)"
1568022.22831749,"(7.42476470239205e+01dB,9.01467025550159e+01°)"
1570407.68436183,"(7.41441809732558e+01dB,9.01440510901353e+01°)"
1572796.7694367,"(7.40423798060185e+01dB,9.01415591013423e+01°)"
1575189.48906299,"(7.39421446876861e+01dB,9.01392185304655e+01°)"
1577585.84877002,"(7.38433816898257e+01dB,9.01370219939142e+01°)"
1579985.85409548,"(7.37460013784312e+01dB,9.01349627259529e+01°)"
1582389.51058551,"(7.36499184363224e+01dB,9.01330345282004e+01°)"
1584796.8237947,"(7.35550513158666e+01dB,9.01312317246345e+01°)"
1587207.79928604,"(7.34613219187240e+01dB,9.01295491214775e+01°)"
1589622.44263105,"(7.33686552996726e+01dB,9.01279819714249e+01°)"
1592040.75940966,"(7.32769793919032e+01dB,9.01265259417486e+01°)"
1594462.75521035,"(7.31862247514365e+01dB,9.01251770858717e+01°)"
1596888.43563005,"(7.30963243185664e+01dB,9.01239318180623e+01°)"
1599317.80627423,"(7.30072131944343e+01dB,9.01227868909422e+01°)"
1601750.87275689,"(7.29188284310237e+01dB,9.01217393755453e+01°)"
1604187.64070057,"(7.28311088330167e+01dB,9.01207866436995e+01°)"
1606628.11573635,"(7.27439947700923e+01dB,9.01199263525302e+01°)"
1609072.30350389,"(7.26574279983628e+01dB,9.01191564309194e+01°)"
1611520.20965142,"(7.25713514897398e+01dB,9.01184750677711e+01°)"
1613971.83983577,"(7.24857092681136e+01dB,9.01178807019619e+01°)"
1616427.19972238,"(7.24004462512929e+01dB,9.01173720138707e+01°)"
1618886.2949853,"(7.23155080977180e+01dB,9.01169479184021e+01°)"
1621349.13130721,"(7.22308410570072e+01dB,9.01166075594350e+01°)"
1623815.71437945,"(7.21463918234290e+01dB,9.01163503056408e+01°)"
1626286.04990199,"(7.20621073914288e+01dB,9.01161757476323e+01°)"
1628760.14358351,"(7.19779349123539e+01dB,9.01160836964194e+01°)"
1631238.00114134,"(7.18938215515269e+01dB,9.01160741831605e+01°)"
1633719.62830153,"(7.18097143448258e+01dB,9.01161474602055e+01°)"
1636205.03079882,"(7.17255600539167e+01dB,9.01163040034538e+01°)"
1638694.21437671,"(7.16413050192680e+01dB,9.01165445160535e+01°)"
1641187.1847874,"(7.15568950100506e+01dB,9.01168699334825e+01°)"
1643683.94779187,"(7.14722750699935e+01dB,9.01172814300763e+01°)"
1646184.50915983,"(7.13873893582145e+01dB,9.01177804270764e+01°)"
1648688.8746698,"(7.13021809839882e+01dB,9.01183686022543e+01°)"
1651197.05010908,"(7.12165918343576e+01dB,9.01190479013670e+01°)"
1653709.04127377,"(7.11305623933770e+01dB,9.01198205512945e+01°)"
1656224.85396879,"(7.10440315517284e+01dB,9.01206890753555e+01°)"
1658744.4940079,"(7.09569364052849e+01dB,9.01216563107203e+01°)"
1661267.96721368,"(7.08692120411011e+01dB,9.01227254282678e+01°)"
1663795.27941761,"(7.07807913091331e+01dB,9.01238999550894e+01°)"
1666326.43645999,"(7.06916045778179e+01dB,9.01251837999361e+01°)"
1668861.44419005,"(7.06015794714353e+01dB,9.01265812819386e+01°)"
1671400.30846589,"(7.05106405869325e+01dB,9.01280971629823e+01°)"
1673943.03515454,"(7.04187091876111e+01dB,9.01297366841807e+01°)"
1676489.63013194,"(7.03257028707634e+01dB,9.01315056069607e+01°)"
1679040.09928297,"(7.02315352059593e+01dB,9.01334102593534e+01°)"
1681594.44850149,"(7.01361153402653e+01dB,9.01354575881812e+01°)"
1684152.68369029,"(7.00393475661647e+01dB,9.01376552179428e+01°)"
1686714.81076115,"(6.99411308473708e+01dB,9.01400115173338e+01°)"
1689280.83563487,"(6.98413582970365e+01dB,9.01425356744929e+01°)"
1691850.76424121,"(6.97399166020684e+01dB,9.01452377822567e+01°)"
1694424.60251901,"(6.96366853863183e+01dB,9.01481289349224e+01°)"
1697002.35641608,"(6.95315365043202e+01dB,9.01512213382921e+01°)"
1699584.03188934,"(6.94243332559451e+01dB,9.01545284350852e+01°)"
1702169.63490472,"(6.93149295108079e+01dB,9.01580650481996e+01°)"
1704759.17143726,"(6.92031687294378e+01dB,9.01618475447653e+01°)"
1707352.64747108,"(6.90888828660451e+01dB,9.01658940245066e+01°)"
1709950.06899941,"(6.89718911351258e+01dB,9.01702245366247e+01°)"
1712551.44202457,"(6.88519986210162e+01dB,9.01748613302647e+01°)"
1715156.77255805,"(6.87289947057568e+01dB,9.01798291446838e+01°)"
1717766.06662047,"(6.86026512860634e+01dB,9.01851555465419e+01°)"
1720379.33024159,"(6.84727207446750e+01dB,9.01908713233552e+01°)"
1722996.56946037,"(6.83389336345777e+01dB,9.01970109441885e+01°)"
1725617.79032495,"(6.82009960262996e+01dB,9.02036131012152e+01°)"
1728242.99889266,"(6.80585864582193e+01dB,9.02107213490146e+01°)"
1730872.20123006,"(6.79113524171005e+01dB,9.02183848626032e+01°)"
1733505.40341293,"(6.77589062601815e+01dB,9.02266593404923e+01°)"
1736142.6115263,"(6.76008204701708e+01dB,9.02356080859060e+01°)"
1738783.83166445,"(6.74366221092655e+01dB,9.02453033082031e+01°)"
1741429.06993093,"(6.72657863061399e+01dB,9.02558276982324e+01°)"
1744078.33243858,"(6.70877285685987e+01dB,9.02672763468193e+01°)"
1746731.62530954,"(6.69017956612309e+01dB,9.02797590962282e+01°)"
1749388.95467527,"(6.67072547177985e+01dB,9.02934034422846e+01°)"
1752050.32667655,"(6.65032801665073e+01dB,9.03083581427467e+01°)"
1754715.7474635,"(6.62889379245738e+01dB,9.03247977397184e+01°)"
1757385.22319559,"(6.60631661550430e+01dB,9.03429282766247e+01°)"
1760058.76004168,"(6.58247516567986e+01dB,9.03629945929021e+01°)"
1762736.36418,"(6.55723006535248e+01dB,9.03852897264080e+01°)"
1765418.04179819,"(6.53042023222375e+01dB,9.04101671668123e+01°)"
1768103.7990933,"(6.50185828012299e+01dB,9.04380570180530e+01°)"
1770793.64227179,"(6.47132465548562e+01dB,9.04694876009877e+01°)"
1773487.57754958,"(6.43856007130276e+01dB,9.05051147522368e+01°)"
1776185.61115205,"(6.40325561285117e+01dB,9.05457622101089e+01°)"
1778887.74931404,"(6.36503960451772e+01dB,9.05924782983268e+01°)"
1781593.99827987,"(6.32345988352118e+01dB,9.06466171151996e+01°)"
1784304.36430339,"(6.27795941773180e+01dB,9.07099575211053e+01°)"
1787018.85364792,"(6.22784203848747e+01dB,9.07848821427350e+01°)"
1789737.47258635,"(6.17222307353010e+01dB,9.08746548952278e+01°)"
1792460.22740108,"(6.10995614978248e+01dB,9.09838665786171e+01°)"
1795187.12438408,"(6.03952092367118e+01dB,9.11191804895066e+01°)"
1797918.16983691,"(5.95884377082111e+01dB,9.12906432409239e+01°)"
1800653.37007068,"(5.86499695020503e+01dB,9.15141324332937e+01°)"
1803392.73140614,"(5.75366199164494e+01dB,9.18162846759848e+01°)"
1806136.26017362,"(5.61809437493496e+01dB,9.22454288217950e+01°)"
1808883.96271311,"(5.44690596555274e+01dB,9.28992240976454e+01°)"
1811635.84537423,"(5.21856278657825e+01dB,9.40088703049321e+01°)"
1814391.91451626,"(4.88428320791949e+01dB,9.62839834490485e+01°)"
1817152.17650815,"(4.28876475640866e+01dB,1.03424482033955e+02°)"
1819916.63772857,"(3.14464647461359e+01dB,-1.58265188339791e+02°)"
1822685.30456584,"(4.50300776558842e+01dB,-1.02069149146627e+02°)"
1825458.18341805,"(5.08851097487986e+01dB,-9.66032082905845e+01°)"
1828235.280693,"(5.46043489580206e+01dB,-9.46565157570490e+01°)"
1831016.60280823,"(5.73981199560337e+01dB,-9.36707587118689e+01°)"
1833802.15619107,"(5.96811903738645e+01dB,-9.30836053861926e+01°)"
1836591.94727859,"(6.16457356632855e+01dB,-9.27008378133254e+01°)"
1839385.98251769,"(6.33973162536069e+01dB,-9.24378132698100e+01°)"
1842184.26836506,"(6.50009199242445e+01dB,-9.22519959175826e+01°)"
1844986.81128721,"(6.65001711867408e+01dB,-9.21199332203414e+01°)"
1847793.6177605,"(6.79265732334304e+01dB,-9.20279294856160e+01°)"
1850604.69427113,"(6.93044724774036e+01dB,-9.19678017073533e+01°)"
1853420.04731518,"(7.06540027913549e+01dB,-9.19348007737881e+01°)"
1856239.68339859,"(7.19930279581029e+01dB,-9.19265738622516e+01°)"
1859063.60903723,"(7.33386049166351e+01dB,-9.19427025431684e+01°)"
1861891.83075686,"(7.47082873237944e+01dB,-9.19846346744181e+01°)"
1864724.35509316,"(7.61215269475756e+01dB,-9.20559867704551e+01°)"
1867561.18859178,"(7.76014680929449e+01dB,-9.21633380274562e+01°)"
1870402.33780832,"(7.91775925036495e+01dB,-9.23178646185368e+01°)"
1873247.80930833,"(8.08900762723261e+01dB,-9.25386611065821e+01°)"
1876097.60966738,"(8.27977148834072e+01dB,-9.28599022789670e+01°)"
1878951.74547102,"(8.49939515381804e+01dB,-9.33479909452703e+01°)"
1881810.22331483,"(8.76439077113281e+01dB,-9.41495445610325e+01°)"
1884673.04980442,"(9.10878045171896e+01dB,-9.56620012597109e+01°)"
1887540.23155545,"(9.62354554856148e+01dB,-9.94575987316092e+01°)"
1890411.77519366,"(1.07349406145647e+02dB,-1.23087552114323e+02°)"
1893287.68735484,"(1.02470113783386e+02dB,1.06777682117625e+02°)"
1896167.97468489,"(9.51929915631264e+01dB,9.66715826482559e+01°)"
1899052.64383983,"(9.14504503674804e+01dB,9.40398399048547e+01°)"
1901941.70148579,"(8.89777893196280e+01dB,9.28421475255411e+01°)"
1904835.15429906,"(8.71565085356432e+01dB,9.21614817792961e+01°)"
1907733.00896605,"(8.57300263170070e+01dB,9.17247386706352e+01°)"
1910635.27218339,"(8.45673837506810e+01dB,9.14221414245224e+01°)"
1913541.95065787,"(8.35927925398539e+01dB,9.12010744789345e+01°)"
1916453.05110648,"(8.27585059991930e+01dB,9.10331854077537e+01°)"
1919368.58025644,"(8.20325371085544e+01dB,9.09018575158697e+01°)"
1922288.5448452,"(8.13924331159247e+01dB,9.07967159291397e+01°)"
1925212.95162046,"(8.08218440101466e+01dB,9.07109550403818e+01°)"
1928141.8073402,"(8.03085040480595e+01dB,9.06399306026299e+01°)"
1931075.11877264,"(7.98429811116422e+01dB,9.05803696137307e+01°)"
1934012.89269635,"(7.94178680061181e+01dB,9.05299035204565e+01°)"
1936955.13590017,"(7.90272404019895e+01dB,9.04867804929717e+01°)"
1939901.85518329,"(7.86662820694074e+01dB,9.04496817260485e+01°)"
1942853.05735523,"(7.83310185374946e+01dB,9.04176007238127e+01°)"
1945808.74923588,"(7.80181229136128e+01dB,9.03897621687595e+01°)"
1948768.93765551,"(7.77247707078627e+01dB,9.03655665847583e+01°)"
1951733.62945476,"(7.74485283418036e+01dB,9.03445524817623e+01°)"
1954702.83148471,"(7.71872647843931e+01dB,9.03263709534487e+01°)"
1957676.55060682,"(7.69390786380428e+01dB,9.03107698078825e+01°)"
1960654.79369302,"(7.67022346246150e+01dB,9.02975858316778e+01°)"
1963637.56762569,"(7.64751040907307e+01dB,9.02867451189150e+01°)"
1966624.87929767,"(7.62561039071377e+01dB,9.02782729072727e+01°)"
1969616.73561229,"(7.60436267500266e+01dB,9.02723165571206e+01°)"
1972613.14348339,"(7.58359525766957e+01dB,9.02691890834215e+01°)"
1975614.10983532,"(7.56311246870120e+01dB,9.02694478793783e+01°)"
1978619.64160296,"(7.54267608621773e+01dB,9.02740382415407e+01°)"
1981629.74573176,"(7.52197432179662e+01dB,9.02845646205089e+01°)"
1984644.42917771,"(7.50056711433896e+01dB,9.03038326868158e+01°)"
1987663.6989074,"(7.47778204067468e+01dB,9.03370169011887e+01°)"
1990687.56189801,"(7.45249798824383e+01dB,9.03944347088527e+01°)"
1993716.02513734,"(7.42264275053193e+01dB,9.04990595511677e+01°)"
1996749.09562382,"(7.38383767034547e+01dB,9.07109451623665e+01°)"
1999786.78036652,"(7.32484657772412e+01dB,9.12319188011310e+01°)"
2000000.0,"(7.31930089166707e+01dB,9.12944029437654e+01°)"
